image_1018.jpg
cristal1,2
cristal2,1
cristal3,2
cristal4,1
cristal5,2
cristal6,2
cristal7,2
cristal8,2
cristal9,2
cristal10,2
image_1019.jpg
cristal1,1
cristal2,1
cristal3,1
cristal4,2
cristal5,1
cristal6,2
cristal7,1
cristal8,1
cristal9,1
cristal10,1
cristal11,1
cristal12,1
cristal13,1
cristal14,1
cristal15,1
cristal16,2
cristal17,2
cristal18,1
cristal19,1
cristal20,2
cristal21,2
cristal22,1
cristal23,2
cristal24,2
cristal25,1
cristal26,3
cristal27,2
cristal28,1
cristal29,2
cristal30,2
cristal31,2
cristal32,2
cristal33,1
cristal34,1
cristal35,2
cristal36,2
cristal37,2
cristal38,3
image_1035.jpg
cristal1,1
cristal2,1
cristal3,1
cristal4,1
cristal5,2
cristal6,2
cristal7,1
cristal8,2
cristal9,2
cristal10,2
image_1039.jpg
cristal1,2
cristal2,1
cristal3,2
cristal4,2
cristal5,1
cristal6,2
cristal7,2
cristal8,2
cristal9,2
cristal10,2
cristal11,2
cristal12,1
cristal13,2
cristal14,1
cristal15,2
cristal16,2
cristal17,2
cristal18,2
cristal19,1
cristal20,2
image_1041.jpg
cristal1,1
cristal2,1
cristal3,1
cristal4,2
cristal5,1
cristal6,2
cristal7,1
cristal8,1
cristal9,1
cristal10,1
cristal11,1
cristal12,1
cristal13,1
cristal14,1
cristal15,1
cristal16,2
cristal17,2
cristal18,1
cristal19,1
cristal20,2
cristal21,2
cristal22,1
cristal23,2
cristal24,2
cristal25,1
cristal26,3
cristal27,2
cristal28,1
cristal29,2
cristal30,2
cristal31,2
cristal32,2
cristal33,1
cristal34,1
cristal35,2
cristal36,2
cristal37,2
cristal38,3
image_1046.jpg
cristal1,1
cristal2,1
cristal3,1
cristal4,1
cristal5,2
cristal6,2
cristal7,1
cristal8,2
cristal9,1
cristal10,1
cristal11,2
cristal12,2
cristal13,1
cristal14,2
cristal15,1
cristal16,1
cristal17,1
cristal18,1
cristal19,1
cristal20,2
cristal21,1
cristal22,2
cristal23,2
cristal24,2
cristal25,2
cristal26,1
cristal27,1
cristal28,1
cristal29,2
cristal30,1
cristal31,2
cristal32,2
cristal33,2
cristal34,1
cristal35,2
cristal36,2
cristal37,2
cristal38,2
cristal39,1
cristal40,1
cristal41,2
cristal42,2
cristal43,1
cristal44,2
cristal45,2
cristal46,1
cristal47,2
cristal48,2
cristal49,1
cristal50,1
cristal51,1
cristal52,2
cristal53,1
cristal54,1
cristal55,2
cristal56,2
cristal57,2
cristal58,2
cristal59,2
cristal60,2
cristal61,2
cristal62,1
cristal63,1
cristal64,2
cristal65,1
cristal66,2
cristal67,1
cristal68,3
image_1049.jpg
cristal1,2
cristal2,2
cristal3,2
cristal4,2
cristal5,2
cristal6,2
cristal7,2
cristal8,2
cristal9,2
cristal10,2
cristal11,2
cristal12,2
cristal13,1
cristal14,2
cristal15,2
cristal16,2
cristal17,2
cristal18,2
cristal19,2
cristal20,2
cristal21,2
cristal22,2
cristal23,2
cristal24,3
cristal25,2
cristal26,2
cristal27,2
cristal28,1
cristal29,2
cristal30,2
cristal31,2
cristal32,2
image_1051.jpg
cristal1,2
cristal2,2
cristal3,2
cristal4,2
cristal5,2
cristal6,2
cristal7,2
cristal8,2
cristal9,2
cristal10,2
cristal11,2
cristal12,2
cristal13,2
cristal14,2
cristal15,2
cristal16,2
cristal17,2
cristal18,2
cristal19,2
cristal20,2
cristal21,2
cristal22,2
cristal23,2
cristal24,2
cristal25,2
cristal26,2
cristal27,2
cristal28,2
cristal29,2
cristal30,2
cristal31,2
cristal32,2
cristal33,2
cristal34,2
cristal35,2
cristal36,2
cristal37,2
cristal38,2
cristal39,2
cristal40,2
cristal41,2
cristal42,2
cristal43,2
cristal44,3
cristal45,2
image_1058.jpg
cristal1,3
cristal2,1
cristal3,1
cristal4,1
cristal5,1
cristal6,2
cristal7,1
cristal8,1
cristal9,1
image_1059.jpg
cristal1,3
cristal2,1
cristal3,1
cristal4,1
cristal5,1
cristal6,2
cristal7,1
cristal8,1
cristal9,1
image_1063.jpg
cristal1,1
cristal2,1
cristal3,1
cristal4,1
cristal5,3
cristal6,1
cristal7,2
cristal8,1
cristal9,2
cristal10,2
cristal11,1
cristal12,1
cristal13,2
cristal14,2
cristal15,1
cristal16,2
cristal17,2
cristal18,2
cristal19,2
cristal20,2
cristal21,1
image_1068.jpg
cristal1,1
cristal2,1
cristal3,1
cristal4,2
cristal5,1
cristal6,1
cristal7,2
cristal8,1
cristal9,2
cristal10,2
cristal11,1
cristal12,1
cristal13,2
cristal14,2
cristal15,2
cristal16,2
cristal17,2
cristal18,1
cristal19,2
cristal20,2
cristal21,2
cristal22,2
cristal23,2
cristal24,2
cristal25,2
cristal26,2
cristal27,3
image_1070.jpg
cristal1,1
cristal2,1
cristal3,1
cristal4,3
cristal5,1
cristal6,1
cristal7,1
cristal8,1
cristal9,1
image_1074.jpg
cristal1,2
cristal2,2
cristal3,2
cristal4,2
cristal5,2
cristal6,2
cristal7,2
cristal8,2
cristal9,2
cristal10,2
cristal11,2
cristal12,2
cristal13,2
cristal14,1
cristal15,2
cristal16,2
cristal17,2
cristal18,2
cristal19,2
cristal20,2
cristal21,2
cristal22,2
cristal23,2
cristal24,2
cristal25,2
cristal26,2
cristal27,2
cristal28,2
cristal29,2
cristal30,2
cristal31,2
cristal32,2
cristal33,2
cristal34,2
cristal35,2
cristal36,2
cristal37,2
cristal38,2
cristal39,2
cristal40,2
cristal41,2
cristal42,2
cristal43,2
cristal44,2
cristal45,2
cristal46,2
cristal47,2
cristal48,2
cristal49,2
cristal50,2
cristal51,2
cristal52,2
cristal53,1
cristal54,2
cristal55,2
cristal56,2
cristal57,2
cristal58,2
cristal59,2
cristal60,2
image_1077.jpg
cristal1,1
cristal2,1
cristal3,1
cristal4,1
cristal5,2
cristal6,2
cristal7,2
cristal8,2
cristal9,1
cristal10,2
cristal11,2
cristal12,2
cristal13,2
cristal14,2
cristal15,2
cristal16,2
cristal17,2
cristal18,2
cristal19,2
cristal20,2
cristal21,2
cristal22,2
cristal23,2
cristal24,2
cristal25,2
cristal26,2
cristal27,2
cristal28,2
cristal29,2
cristal30,2
cristal31,2
cristal32,2
cristal33,2
cristal34,2
cristal35,2
cristal36,2
cristal37,2
cristal38,2
cristal39,2
cristal40,2
cristal41,2
cristal42,2
cristal43,2
cristal44,2
cristal45,2
cristal46,2
cristal47,2
cristal48,2
cristal49,2
cristal50,2
cristal51,2
cristal52,2
cristal53,2
cristal54,2
cristal55,3
cristal56,2
cristal57,2
cristal58,2
image_1080.jpg
cristal1,1
cristal2,1
cristal3,1
cristal4,2
cristal5,1
cristal6,1
cristal7,2
cristal8,1
cristal9,2
cristal10,2
cristal11,1
cristal12,1
cristal13,2
cristal14,2
cristal15,2
cristal16,2
cristal17,2
cristal18,1
cristal19,2
cristal20,2
cristal21,2
cristal22,2
cristal23,2
cristal24,2
cristal25,2
cristal26,2
cristal27,3
image_1083.jpg
cristal1,1
cristal2,1
cristal3,2
cristal4,1
cristal5,1
cristal6,1
cristal7,1
cristal8,3
cristal9,1
cristal10,1
cristal11,1
cristal12,1
cristal13,1
cristal14,1
cristal15,1
cristal16,1
cristal17,1
cristal18,2
cristal19,2
cristal20,2
cristal21,1
cristal22,1
cristal23,1
cristal24,1
cristal25,1
cristal26,1
cristal27,3
cristal28,1
cristal29,1
cristal30,2
image_1090.jpg
cristal1,2
cristal2,2
cristal3,2
cristal4,2
cristal5,2
cristal6,2
cristal7,2
cristal8,2
cristal9,2
cristal10,2
cristal11,2
cristal12,2
cristal13,2
cristal14,2
cristal15,2
cristal16,2
cristal17,2
cristal18,2
cristal19,2
cristal20,2
cristal21,2
cristal22,2
cristal23,2
cristal24,2
cristal25,2
cristal26,2
cristal27,2
image_1093.jpg
cristal1,1
cristal2,2
cristal3,2
cristal4,2
cristal5,2
cristal6,2
cristal7,2
cristal8,2
cristal9,2
cristal10,2
cristal11,2
cristal12,2
cristal13,2
cristal14,2
cristal15,2
cristal16,2
cristal17,2
cristal18,2
cristal19,2
cristal20,2
cristal21,2
cristal22,2
cristal23,2
cristal24,2
cristal25,2
cristal26,2
cristal27,2
cristal28,2
cristal29,2
cristal30,2
cristal31,2
cristal32,2
cristal33,2
cristal34,2
cristal35,2
image_1097.jpg
cristal1,1
cristal2,1
cristal3,1
cristal4,1
cristal5,1
cristal6,2
cristal7,1
cristal8,1
image_1108.jpg
cristal1,2
cristal2,2
cristal3,2
cristal4,2
cristal5,2
cristal6,2
cristal7,2
cristal8,2
cristal9,2
cristal10,2
cristal11,2
image_1126.jpg
cristal1,2
cristal2,2
cristal3,2
cristal4,2
cristal5,2
cristal6,2
cristal7,2
cristal8,2
cristal9,2
cristal10,2
cristal11,2
cristal12,2
cristal13,2
cristal14,2
cristal15,2
cristal16,2
cristal17,2
cristal18,2
cristal19,2
cristal20,2
cristal21,2
cristal22,2
cristal23,2
cristal24,2
cristal25,2
cristal26,2
cristal27,2
cristal28,2
cristal29,2
cristal30,2
cristal31,2
cristal32,2
cristal33,2
cristal34,1
cristal35,2
cristal36,2
cristal37,2
cristal38,2
cristal39,2
cristal40,2
cristal41,2
cristal42,2
cristal43,2
cristal44,2
cristal45,2
cristal46,2
cristal47,2
cristal48,2
cristal49,2
cristal50,2
cristal51,2
cristal52,2
cristal53,2
cristal54,2
cristal55,2
cristal56,2
cristal57,2
cristal58,2
cristal59,2
cristal60,2
cristal61,2
cristal62,2
cristal63,2
cristal64,2
cristal65,2
cristal66,2
image_1127.jpg
cristal1,2
cristal2,2
cristal3,2
cristal4,2
cristal5,2
cristal6,2
cristal7,2
cristal8,2
cristal9,2
cristal10,2
cristal11,2
cristal12,2
cristal13,2
cristal14,2
cristal15,2
cristal16,2
cristal17,2
cristal18,2
cristal19,2
cristal20,2
cristal21,2
cristal22,2
cristal23,2
cristal24,2
cristal25,2
cristal26,2
cristal27,2
cristal28,2
cristal29,2
cristal30,2
cristal31,2
cristal32,2
cristal33,2
cristal34,2
cristal35,2
cristal36,2
cristal37,3
cristal38,2
image_1130.jpg
cristal1,2
cristal2,1
cristal3,1
cristal4,2
cristal5,2
cristal6,2
cristal7,2
cristal8,2
cristal9,2
cristal10,2
cristal11,2
cristal12,2
cristal13,2
cristal14,2
cristal15,2
cristal16,2
cristal17,2
cristal18,2
cristal19,2
cristal20,1
cristal21,2
cristal22,2
cristal23,2
cristal24,2
cristal25,2
cristal26,2
cristal27,2
cristal28,2
cristal29,2
cristal30,2
cristal31,2
cristal32,2
cristal33,2
cristal34,2
cristal35,2
cristal36,2
cristal37,2
cristal38,2
cristal39,2
cristal40,2
cristal41,2
cristal42,2
cristal43,2
cristal44,2
cristal45,2
cristal46,2
cristal47,2
cristal48,2
image_1137.jpg
cristal1,1
cristal2,1
cristal3,1
cristal4,1
cristal5,1
cristal6,1
cristal7,1
cristal8,1
cristal9,1
cristal10,2
cristal11,2
cristal12,2
cristal13,1
cristal14,1
cristal15,1
cristal16,1
cristal17,2
cristal18,2
cristal19,2
cristal20,1
cristal21,2
cristal22,1
cristal23,2
image_1146.jpg
cristal1,1
cristal2,1
cristal3,1
cristal4,1
cristal5,1
cristal6,1
cristal7,2
cristal8,2
cristal9,1
cristal10,2
cristal11,1
cristal12,2
cristal13,1
cristal14,2
cristal15,2
cristal16,2
cristal17,2
cristal18,2
cristal19,2
cristal20,1
cristal21,2
cristal22,2
cristal23,2
cristal24,2
cristal25,2
cristal26,2
cristal27,1
cristal28,2
cristal29,2
cristal30,2
cristal31,2
cristal32,2
cristal33,2
cristal34,2
cristal35,2
cristal36,2
image_1151.jpg
cristal1,1
cristal2,2
cristal3,1
cristal4,1
cristal5,2
cristal6,1
cristal7,2
cristal8,2
cristal9,2
cristal10,2
cristal11,2
cristal12,1
cristal13,2
cristal14,2
cristal15,2
cristal16,2
cristal17,3
cristal18,2
cristal19,2
cristal20,2
cristal21,2
cristal22,2
cristal23,1
cristal24,2
cristal25,2
cristal26,2
cristal27,2
cristal28,1
cristal29,2
cristal30,2
cristal31,2
cristal32,2
cristal33,2
cristal34,2
cristal35,2
cristal36,2
cristal37,2
cristal38,2
cristal39,2
cristal40,2
cristal41,2
cristal42,2
cristal43,2
cristal44,2
cristal45,2
cristal46,1
cristal47,2
cristal48,1
cristal49,2
cristal50,2
cristal51,2
cristal52,1
cristal53,2
cristal54,2
cristal55,1
cristal56,1
cristal57,2
cristal58,1
cristal59,1
cristal60,2
cristal61,2
cristal62,1
image_1152.jpg
cristal1,1
cristal2,1
cristal3,1
cristal4,1
cristal5,1
cristal6,1
cristal7,1
cristal8,1
cristal9,1
cristal10,2
cristal11,2
cristal12,2
cristal13,1
cristal14,1
cristal15,1
cristal16,1
cristal17,2
cristal18,2
cristal19,2
cristal20,1
cristal21,2
cristal22,1
cristal23,2
image_1158.jpg
cristal1,1
cristal2,1
cristal3,1
cristal4,1
cristal5,1
cristal6,1
cristal7,1
cristal8,1
cristal9,2
cristal10,2
image_1166.jpg
cristal1,3
cristal2,3
cristal3,3
cristal4,3
cristal5,3
image_1170.jpg
cristal1,2
cristal2,2
cristal3,2
cristal4,2
cristal5,2
cristal6,2
cristal7,2
cristal8,2
cristal9,2
cristal10,2
cristal11,2
cristal12,2
cristal13,2
cristal14,2
cristal15,2
cristal16,2
cristal17,2
cristal18,2
cristal19,2
cristal20,2
cristal21,2
cristal22,2
cristal23,2
cristal24,2
cristal25,2
cristal26,2
cristal27,2
cristal28,2
cristal29,2
cristal30,2
cristal31,2
cristal32,2
cristal33,2
cristal34,2
cristal35,2
cristal36,2
cristal37,2
cristal38,2
cristal39,2
cristal40,2
cristal41,2
cristal42,2
cristal43,3
cristal44,1
cristal45,2
cristal46,2
cristal47,2
cristal48,2
cristal49,2
cristal50,2
cristal51,2
cristal52,2
cristal53,3
cristal54,2
cristal55,2
cristal56,2
cristal57,2
cristal58,2
cristal59,2
cristal60,2
cristal61,2
cristal62,2
cristal63,2
image_1176.jpg
cristal1,1
cristal2,1
cristal3,1
cristal4,1
cristal5,2
cristal6,1
cristal7,2
cristal8,1
cristal9,2
cristal10,2
cristal11,2
cristal12,2
cristal13,2
cristal14,2
cristal15,2
cristal16,1
cristal17,1
cristal18,2
cristal19,2
cristal20,2
cristal21,2
cristal22,2
cristal23,2
image_1177.jpg
cristal1,2
cristal2,1
cristal3,1
cristal4,2
cristal5,3
cristal6,3
image_1184.jpg
cristal1,2
cristal2,1
cristal3,2
cristal4,2
cristal5,2
cristal6,2
cristal7,2
cristal8,2
cristal9,2
cristal10,2
cristal11,2
cristal12,2
cristal13,2
cristal14,2
cristal15,2
cristal16,2
cristal17,2
cristal18,2
cristal19,2
cristal20,2
cristal21,2
cristal22,2
cristal23,2
cristal24,2
cristal25,2
cristal26,2
cristal27,3
cristal28,2
cristal29,2
cristal30,2
cristal31,2
cristal32,2
cristal33,2
cristal34,1
cristal35,2
cristal36,2
cristal37,2
cristal38,2
cristal39,2
cristal40,2
cristal41,2
image_1189.jpg
cristal1,1
cristal2,1
cristal3,1
cristal4,2
cristal5,1
cristal6,1
cristal7,2
cristal8,1
cristal9,1
cristal10,2
cristal11,2
cristal12,2
cristal13,2
cristal14,1
cristal15,2
cristal16,2
cristal17,2
cristal18,2
cristal19,2
cristal20,2
cristal21,2
cristal22,2
cristal23,1
cristal24,2
cristal25,1
cristal26,2
cristal27,2
cristal28,2
cristal29,2
cristal30,1
cristal31,2
cristal32,2
cristal33,2
cristal34,2
cristal35,2
cristal36,2
cristal37,2
cristal38,2
cristal39,2
cristal40,2
cristal41,2
cristal42,2
cristal43,2
cristal44,2
cristal45,2
cristal46,2
cristal47,2
cristal48,2
cristal49,2
cristal50,2
image_1204.jpg
cristal1,2
cristal2,2
cristal3,2
image_1214.jpg
cristal1,2
cristal2,2
cristal3,2
image_1215.jpg
cristal1,1
cristal2,2
cristal3,2
cristal4,2
cristal5,2
cristal6,1
cristal7,2
cristal8,2
cristal9,2
cristal10,1
cristal11,2
cristal12,2
cristal13,2
cristal14,2
cristal15,2
cristal16,2
cristal17,2
cristal18,2
cristal19,2
cristal20,2
cristal21,2
cristal22,2
cristal23,2
cristal24,2
cristal25,2
cristal26,2
cristal27,2
cristal28,2
cristal29,2
cristal30,2
cristal31,2
cristal32,2
cristal33,2
cristal34,2
cristal35,2
cristal36,2
cristal37,1
cristal38,2
cristal39,2
cristal40,2
cristal41,2
cristal42,2
cristal43,2
cristal44,2
cristal45,2
cristal46,2
cristal47,2
cristal48,2
cristal49,2
cristal50,2
cristal51,2
cristal52,2
cristal53,2
cristal54,2
cristal55,2
cristal56,2
cristal57,2
cristal58,2
cristal59,2
cristal60,2
cristal61,2
cristal62,2
cristal63,2
cristal64,2
cristal65,2
cristal66,2
cristal67,2
cristal68,2
cristal69,2
cristal70,2
cristal71,2
cristal72,2
cristal73,2
cristal74,2
cristal75,2
cristal76,2
cristal77,2
cristal78,2
cristal79,2
cristal80,2
cristal81,2
cristal82,2
cristal83,2
cristal84,2
cristal85,2
cristal86,2
cristal87,2
cristal88,2
cristal89,2
cristal90,2
cristal91,2
cristal92,2
cristal93,2
cristal94,2
cristal95,2
image_1220.jpg
cristal1,1
cristal2,1
cristal3,1
cristal4,3
cristal5,1
cristal6,1
cristal7,1
cristal8,1
cristal9,1
cristal10,1
cristal11,3
cristal12,1
cristal13,1
cristal14,2
cristal15,1
cristal16,3
cristal17,3
image_1221.jpg
cristal1,1
cristal2,1
cristal3,1
cristal4,1
cristal5,1
cristal6,1
cristal7,1
cristal8,1
cristal9,1
cristal10,1
cristal11,1
cristal12,1
cristal13,1
cristal14,1
cristal15,1
cristal16,2
cristal17,1
cristal18,2
cristal19,1
cristal20,2
image_1227.jpg
cristal1,1
cristal2,1
cristal3,1
cristal4,1
cristal5,1
cristal6,2
cristal7,1
cristal8,1
cristal9,1
cristal10,1
cristal11,2
cristal12,2
cristal13,2
cristal14,1
cristal15,1
cristal16,1
cristal17,1
cristal18,2
cristal19,2
cristal20,1
cristal21,2
cristal22,2
cristal23,1
cristal24,1
cristal25,2
cristal26,2
cristal27,2
cristal28,1
cristal29,2
cristal30,2
cristal31,2
cristal32,2
cristal33,2
cristal34,2
cristal35,2
cristal36,2
cristal37,2
image_1235.jpg
cristal1,2
cristal2,2
cristal3,2
cristal4,2
cristal5,2
cristal6,2
cristal7,2
cristal8,2
cristal9,2
cristal10,2
cristal11,2
cristal12,2
cristal13,2
cristal14,2
cristal15,2
cristal16,2
cristal17,2
cristal18,2
cristal19,2
cristal20,2
cristal21,2
cristal22,2
cristal23,2
cristal24,2
cristal25,2
cristal26,2
cristal27,2
cristal28,2
cristal29,2
cristal30,2
cristal31,2
cristal32,2
cristal33,2
cristal34,2
cristal35,2
cristal36,2
cristal37,2
cristal38,1
cristal39,2
cristal40,2
cristal41,2
cristal42,2
cristal43,2
cristal44,2
cristal45,2
cristal46,2
cristal47,2
cristal48,2
cristal49,2
cristal50,2
cristal51,2
cristal52,2
cristal53,2
cristal54,2
cristal55,2
cristal56,2
cristal57,2
cristal58,2
cristal59,2
cristal60,2
cristal61,2
cristal62,2
cristal63,2
cristal64,2
cristal65,2
cristal66,2
cristal67,2
cristal68,2
cristal69,2
cristal70,2
cristal71,2
cristal72,2
cristal73,2
cristal74,2
cristal75,2
cristal76,2
cristal77,2
cristal78,2
cristal79,3
cristal80,2
cristal81,2
cristal82,2
cristal83,2
cristal84,2
cristal85,2
cristal86,2
cristal87,2
cristal88,2
cristal89,2
cristal90,2
cristal91,2
cristal92,2
cristal93,2
cristal94,2
cristal95,2
cristal96,2
cristal97,2
cristal98,2
cristal99,2
cristal100,2
image_1240.jpg
cristal1,2
cristal2,2
cristal3,2
cristal4,1
cristal5,2
cristal6,2
cristal7,2
cristal8,2
cristal9,2
cristal10,2
cristal11,2
cristal12,2
cristal13,2
cristal14,2
cristal15,2
cristal16,2
cristal17,2
cristal18,2
cristal19,2
cristal20,2
cristal21,2
cristal22,2
cristal23,2
cristal24,1
cristal25,2
cristal26,2
cristal27,2
cristal28,2
cristal29,2
cristal30,2
cristal31,2
cristal32,1
cristal33,2
cristal34,2
cristal35,2
cristal36,2
cristal37,2
cristal38,2
cristal39,2
cristal40,2
cristal41,2
cristal42,2
cristal43,2
cristal44,2
cristal45,2
cristal46,2
cristal47,2
cristal48,2
cristal49,2
cristal50,2
cristal51,2
cristal52,2
cristal53,2
cristal54,2
cristal55,2
cristal56,2
cristal57,2
cristal58,1
cristal59,2
cristal60,2
cristal61,2
cristal62,2
cristal63,2
cristal64,2
cristal65,3
cristal66,2
cristal67,2
cristal68,2
cristal69,2
cristal70,2
cristal71,2
cristal72,2
cristal73,1
cristal74,2
cristal75,2
cristal76,2
cristal77,2
cristal78,2
cristal79,1
cristal80,2
cristal81,2
cristal82,2
cristal83,2
cristal84,1
cristal85,2
image_1245.jpg
cristal1,2
cristal2,2
cristal3,2
cristal4,2
cristal5,2
cristal6,2
cristal7,2
cristal8,2
cristal9,2
cristal10,2
cristal11,2
cristal12,2
cristal13,2
cristal14,2
cristal15,2
cristal16,2
cristal17,2
cristal18,2
cristal19,2
cristal20,2
cristal21,2
cristal22,2
cristal23,2
cristal24,2
cristal25,2
cristal26,2
cristal27,2
cristal28,2
cristal29,2
cristal30,2
cristal31,2
cristal32,2
cristal33,2
cristal34,2
cristal35,2
cristal36,2
cristal37,2
cristal38,2
cristal39,2
cristal40,2
cristal41,2
cristal42,2
cristal43,2
cristal44,2
cristal45,2
cristal46,2
cristal47,2
cristal48,2
cristal49,2
cristal50,2
cristal51,2
cristal52,2
cristal53,2
cristal54,2
cristal55,2
cristal56,2
cristal57,3
cristal58,2
cristal59,2
cristal60,2
cristal61,2
cristal62,2
cristal63,2
cristal64,2
cristal65,2
cristal66,2
cristal67,2
cristal68,2
cristal69,2
cristal70,2
cristal71,2
cristal72,2
cristal73,2
cristal74,2
cristal75,2
cristal76,2
cristal77,2
cristal78,2
cristal79,2
cristal80,2
cristal81,2
cristal82,2
cristal83,2
cristal84,2
cristal85,3
cristal86,2
cristal87,2
cristal88,2
cristal89,2
cristal90,2
cristal91,2
cristal92,2
cristal93,2
cristal94,2
cristal95,2
cristal96,2
cristal97,2
cristal98,2
cristal99,2
cristal100,2
image_1249.jpg
cristal1,2
cristal2,2
cristal3,2
cristal4,2
cristal5,2
cristal6,2
cristal7,2
cristal8,2
cristal9,2
cristal10,2
cristal11,2
cristal12,2
cristal13,2
cristal14,1
cristal15,2
cristal16,2
cristal17,2
cristal18,2
cristal19,2
cristal20,2
cristal21,2
cristal22,2
cristal23,2
cristal24,2
cristal25,2
cristal26,2
cristal27,2
cristal28,2
cristal29,2
cristal30,2
cristal31,2
cristal32,2
cristal33,2
cristal34,3
cristal35,2
cristal36,2
cristal37,2
cristal38,2
cristal39,2
cristal40,2
cristal41,2
cristal42,2
cristal43,2
cristal44,2
cristal45,2
cristal46,2
cristal47,2
cristal48,2
cristal49,2
cristal50,2
cristal51,2
cristal52,2
cristal53,2
cristal54,2
cristal55,2
cristal56,2
cristal57,2
cristal58,2
cristal59,2
image_1254.jpg
cristal1,2
cristal2,2
cristal3,2
cristal4,2
cristal5,2
cristal6,2
cristal7,2
cristal8,2
cristal9,2
cristal10,2
cristal11,2
cristal12,2
cristal13,2
cristal14,2
cristal15,2
cristal16,2
cristal17,2
image_1262.jpg
cristal1,1
cristal2,1
cristal3,1
cristal4,1
cristal5,2
cristal6,2
cristal7,2
cristal8,1
image_1263.jpg
image_1273.jpg
cristal1,2
cristal2,1
cristal3,2
cristal4,2
image_1275.jpg
cristal1,3
cristal2,3
cristal3,3
cristal4,3
cristal5,3
cristal6,1
cristal7,3
cristal8,3
cristal9,3
cristal10,3
cristal11,2
image_1288.jpg
cristal1,3
cristal2,3
cristal3,1
cristal4,1
cristal5,1
cristal6,1
cristal7,3
cristal8,1
cristal9,1
cristal10,1
cristal11,1
cristal12,1
cristal13,2
cristal14,1
cristal15,1
cristal16,2
cristal17,3
cristal18,1
image_1289.jpg
cristal1,3
cristal2,3
cristal3,3
cristal4,1
cristal5,3
cristal6,1
cristal7,1
cristal8,1
cristal9,3
cristal10,1
cristal11,1
cristal12,1
cristal13,2
cristal14,1
cristal15,3
cristal16,2
cristal17,1
cristal18,2
image_1291.jpg
cristal1,2
cristal2,2
cristal3,2
cristal4,2
cristal5,2
cristal6,2
cristal7,2
cristal8,2
cristal9,2
cristal10,2
cristal11,2
cristal12,2
cristal13,2
cristal14,2
cristal15,2
cristal16,2
cristal17,2
cristal18,2
cristal19,2
cristal20,2
cristal21,2
cristal22,2
cristal23,2
cristal24,2
cristal25,2
cristal26,2
cristal27,2
cristal28,2
cristal29,2
cristal30,2
cristal31,2
cristal32,3
cristal33,2
cristal34,2
cristal35,2
cristal36,2
cristal37,2
cristal38,2
cristal39,2
cristal40,3
cristal41,2
cristal42,2
cristal43,2
cristal44,2
cristal45,2
cristal46,2
cristal47,3
cristal48,2
cristal49,2
cristal50,2
cristal51,2
cristal52,2
cristal53,2
cristal54,2
cristal55,2
cristal56,2
cristal57,2
cristal58,2
cristal59,2
cristal60,2
cristal61,1
cristal62,1
cristal63,2
cristal64,2
cristal65,2
cristal66,2
cristal67,1
cristal68,3
cristal69,2
image_1293.jpg
cristal1,2
cristal2,2
cristal3,2
cristal4,2
cristal5,2
cristal6,2
cristal7,2
cristal8,2
cristal9,2
cristal10,2
cristal11,2
cristal12,2
cristal13,2
cristal14,2
cristal15,2
cristal16,2
cristal17,2
cristal18,2
cristal19,2
cristal20,2
cristal21,2
cristal22,2
cristal23,2
cristal24,2
cristal25,2
cristal26,1
cristal27,2
cristal28,2
cristal29,2
cristal30,2
cristal31,2
cristal32,2
cristal33,2
cristal34,2
cristal35,2
cristal36,2
cristal37,3
image_1294.jpg
cristal1,2
cristal2,2
cristal3,2
cristal4,2
cristal5,2
cristal6,2
cristal7,2
cristal8,2
cristal9,2
cristal10,2
cristal11,2
cristal12,2
cristal13,2
cristal14,2
cristal15,2
cristal16,2
cristal17,2
cristal18,2
cristal19,2
cristal20,2
cristal21,2
cristal22,2
cristal23,2
cristal24,2
cristal25,2
cristal26,2
cristal27,2
cristal28,2
cristal29,2
cristal30,2
cristal31,2
cristal32,2
cristal33,2
cristal34,2
cristal35,2
cristal36,2
cristal37,2
cristal38,2
cristal39,2
cristal40,2
cristal41,2
cristal42,2
cristal43,2
cristal44,2
cristal45,2
cristal46,2
cristal47,2
cristal48,2
cristal49,2
cristal50,2
cristal51,2
cristal52,2
cristal53,2
cristal54,2
cristal55,2
cristal56,2
cristal57,2
cristal58,2
cristal59,2
cristal60,2
cristal61,2
cristal62,2
cristal63,2
cristal64,2
cristal65,2
cristal66,2
cristal67,2
cristal68,2
cristal69,2
cristal70,2
cristal71,2
cristal72,2
cristal73,2
cristal74,2
cristal75,2
cristal76,2
cristal77,2
cristal78,2
cristal79,2
cristal80,2
cristal81,2
cristal82,2
cristal83,2
cristal84,2
cristal85,2
cristal86,2
cristal87,2
cristal88,2
cristal89,2
cristal90,2
cristal91,2
cristal92,2
cristal93,2
cristal94,2
cristal95,2
cristal96,2
cristal97,2
cristal98,2
cristal99,2
cristal100,2
image_1296.jpg
cristal1,2
cristal2,2
cristal3,2
cristal4,2
cristal5,2
cristal6,2
cristal7,2
cristal8,2
cristal9,2
cristal10,2
cristal11,2
cristal12,2
cristal13,2
cristal14,2
cristal15,2
cristal16,2
cristal17,2
cristal18,2
cristal19,2
cristal20,2
cristal21,2
cristal22,2
cristal23,2
cristal24,2
cristal25,2
cristal26,2
cristal27,2
cristal28,2
cristal29,2
cristal30,2
cristal31,2
cristal32,2
cristal33,2
cristal34,2
cristal35,2
cristal36,2
cristal37,2
cristal38,2
cristal39,2
cristal40,2
cristal41,1
cristal42,2
cristal43,2
cristal44,2
cristal45,2
cristal46,2
cristal47,2
cristal48,2
cristal49,2
cristal50,2
cristal51,2
cristal52,2
cristal53,2
cristal54,2
cristal55,2
cristal56,2
cristal57,2
cristal58,2
cristal59,2
cristal60,2
cristal61,2
cristal62,2
cristal63,2
cristal64,2
cristal65,2
cristal66,2
cristal67,2
cristal68,2
cristal69,2
cristal70,2
cristal71,2
cristal72,2
cristal73,2
cristal74,2
cristal75,2
cristal76,2
cristal77,2
cristal78,2
cristal79,2
cristal80,2
cristal81,2
cristal82,2
cristal83,2
cristal84,2
cristal85,2
cristal86,2
image_1304.jpg
cristal1,2
cristal2,2
cristal3,2
cristal4,2
cristal5,2
cristal6,2
cristal7,2
cristal8,2
cristal9,2
cristal10,2
cristal11,2
cristal12,2
cristal13,2
cristal14,2
cristal15,2
cristal16,2
cristal17,2
cristal18,2
cristal19,2
cristal20,2
cristal21,2
cristal22,2
cristal23,2
cristal24,2
cristal25,2
cristal26,2
cristal27,2
cristal28,2
cristal29,2
cristal30,2
cristal31,2
cristal32,2
cristal33,2
cristal34,2
cristal35,2
cristal36,2
cristal37,2
cristal38,2
cristal39,2
cristal40,2
cristal41,2
cristal42,2
cristal43,2
cristal44,2
cristal45,2
cristal46,2
cristal47,2
cristal48,2
cristal49,2
cristal50,2
cristal51,2
cristal52,2
cristal53,2
cristal54,2
cristal55,2
cristal56,2
cristal57,2
cristal58,2
cristal59,2
cristal60,2
cristal61,2
cristal62,2
cristal63,2
cristal64,2
cristal65,2
cristal66,2
cristal67,2
cristal68,2
cristal69,2
cristal70,2
cristal71,2
cristal72,2
cristal73,2
cristal74,2
cristal75,2
cristal76,2
cristal77,2
cristal78,2
cristal79,2
cristal80,2
cristal81,2
cristal82,2
cristal83,2
cristal84,2
cristal85,2
cristal86,2
cristal87,2
cristal88,2
cristal89,2
cristal90,2
cristal91,2
cristal92,3
cristal93,2
cristal94,2
cristal95,2
cristal96,2
cristal97,2
cristal98,2
cristal99,2
cristal100,2
image_1306.jpg
cristal1,2
cristal2,2
cristal3,2
cristal4,2
cristal5,2
cristal6,2
cristal7,2
cristal8,2
cristal9,2
cristal10,2
cristal11,2
cristal12,2
cristal13,2
cristal14,2
cristal15,2
cristal16,2
cristal17,2
cristal18,2
cristal19,2
cristal20,2
cristal21,2
cristal22,2
cristal23,2
cristal24,2
cristal25,2
cristal26,2
cristal27,3
cristal28,2
cristal29,2
cristal30,2
cristal31,2
cristal32,2
cristal33,2
cristal34,2
cristal35,2
cristal36,2
cristal37,2
cristal38,2
cristal39,2
cristal40,2
cristal41,2
cristal42,2
cristal43,2
cristal44,2
cristal45,2
cristal46,2
cristal47,2
cristal48,2
cristal49,2
cristal50,2
cristal51,2
cristal52,2
cristal53,2
cristal54,2
cristal55,2
cristal56,2
cristal57,2
cristal58,2
cristal59,2
cristal60,2
cristal61,2
cristal62,2
cristal63,2
cristal64,2
cristal65,2
cristal66,2
cristal67,2
cristal68,2
cristal69,2
cristal70,2
cristal71,2
cristal72,2
cristal73,2
cristal74,2
cristal75,2
cristal76,2
cristal77,2
cristal78,2
cristal79,2
cristal80,2
cristal81,2
cristal82,2
cristal83,2
cristal84,2
cristal85,2
cristal86,2
cristal87,2
cristal88,2
cristal89,2
cristal90,2
cristal91,2
cristal92,2
cristal93,2
cristal94,2
cristal95,2
cristal96,2
cristal97,2
cristal98,2
cristal99,2
cristal100,2
image_1307.jpg
cristal1,2
cristal2,2
cristal3,2
cristal4,2
cristal5,2
cristal6,2
cristal7,2
cristal8,2
cristal9,2
cristal10,2
cristal11,2
cristal12,2
cristal13,2
cristal14,2
cristal15,2
cristal16,2
cristal17,2
cristal18,2
cristal19,2
cristal20,2
cristal21,2
cristal22,2
cristal23,2
cristal24,2
cristal25,2
cristal26,2
cristal27,2
cristal28,2
cristal29,2
cristal30,2
cristal31,2
cristal32,2
cristal33,2
cristal34,2
cristal35,2
cristal36,2
cristal37,2
cristal38,2
cristal39,2
cristal40,2
cristal41,2
cristal42,2
cristal43,2
cristal44,2
cristal45,2
cristal46,2
cristal47,2
cristal48,2
cristal49,2
cristal50,2
cristal51,2
cristal52,2
cristal53,2
cristal54,2
cristal55,2
cristal56,2
cristal57,2
cristal58,2
cristal59,2
cristal60,2
cristal61,2
cristal62,2
cristal63,2
cristal64,2
cristal65,1
cristal66,2
cristal67,2
cristal68,2
cristal69,2
cristal70,2
cristal71,2
cristal72,2
cristal73,1
cristal74,2
cristal75,2
cristal76,2
cristal77,2
cristal78,2
cristal79,2
cristal80,2
cristal81,2
cristal82,2
cristal83,2
cristal84,2
cristal85,2
cristal86,2
cristal87,2
cristal88,2
cristal89,2
cristal90,2
cristal91,2
cristal92,2
cristal93,2
cristal94,2
cristal95,2
cristal96,2
image_1312.jpg
cristal1,2
cristal2,3
cristal3,2
cristal4,1
image_1313.jpg
cristal1,3
cristal2,3
cristal3,2
image_1315.jpg
cristal1,3
cristal2,2
image_1316.jpg
cristal1,3
cristal2,2
cristal3,2
cristal4,2
image_1318.jpg
cristal1,2
cristal2,2
cristal3,2
cristal4,2
cristal5,2
cristal6,2
cristal7,2
cristal8,2
cristal9,2
cristal10,2
cristal11,2
cristal12,2
cristal13,2
cristal14,2
cristal15,2
cristal16,2
cristal17,2
cristal18,2
cristal19,2
cristal20,2
image_1326.jpg
cristal1,2
cristal2,2
image_1339.jpg
cristal1,2
cristal2,1
cristal3,2
cristal4,2
cristal5,2
cristal6,2
cristal7,2
cristal8,2
cristal9,3
cristal10,2
image_1340.jpg
cristal1,2
image_1347.jpg
cristal1,1
cristal2,2
cristal3,2
image_1368.jpg
cristal1,1
cristal2,2
cristal3,3
image_1370.jpg
cristal1,3
cristal2,1
cristal3,3
cristal4,1
cristal5,2
image_1372.jpg
cristal1,2
cristal2,2
cristal3,2
cristal4,2
cristal5,2
cristal6,2
cristal7,2
cristal8,2
cristal9,2
cristal10,2
cristal11,2
cristal12,2
cristal13,2
cristal14,2
cristal15,2
cristal16,2
cristal17,2
cristal18,2
cristal19,2
cristal20,3
cristal21,2
cristal22,2
image_1375.jpg
cristal1,3
cristal2,2
cristal3,2
cristal4,2
cristal5,2
cristal6,2
cristal7,2
cristal8,2
cristal9,2
image_1383.jpg
cristal1,3
cristal2,1
cristal3,1
cristal4,1
cristal5,3
image_1386.jpg
cristal1,3
cristal2,3
cristal3,1
cristal4,3
cristal5,3
cristal6,2
image_1392.jpg
cristal1,1
cristal2,1
cristal3,3
cristal4,2
cristal5,1
image_1394.jpg
cristal1,1
cristal2,1
cristal3,2
image_1395.jpg
cristal1,2
cristal2,1
cristal3,2
cristal4,2
cristal5,2
cristal6,2
cristal7,2
cristal8,2
cristal9,2
image_1401.jpg
cristal1,1
cristal2,1
cristal3,2
cristal4,2
image_1404.jpg
cristal1,2
cristal2,2
cristal3,2
cristal4,2
cristal5,2
cristal6,2
cristal7,2
cristal8,2
cristal9,2
cristal10,2
cristal11,2
cristal12,2
cristal13,2
cristal14,2
cristal15,1
cristal16,2
image_1412.jpg
cristal1,1
cristal2,1
cristal3,1
cristal4,1
cristal5,1
cristal6,1
cristal7,1
image_1415.jpg
cristal1,2
cristal2,2
cristal3,1
cristal4,2
cristal5,2
cristal6,1
cristal7,2
cristal8,2
cristal9,2
cristal10,2
cristal11,2
cristal12,1
cristal13,2
cristal14,2
cristal15,1
cristal16,2
cristal17,1
cristal18,2
cristal19,2
cristal20,2
cristal21,2
cristal22,2
cristal23,2
cristal24,2
cristal25,2
cristal26,2
cristal27,2
cristal28,2
cristal29,2
cristal30,2
cristal31,2
cristal32,2
cristal33,2
cristal34,2
cristal35,2
cristal36,2
cristal37,2
cristal38,2
cristal39,1
cristal40,2
cristal41,2
cristal42,1
cristal43,2
cristal44,1
cristal45,2
cristal46,1
cristal47,2
cristal48,2
cristal49,2
cristal50,2
cristal51,2
cristal52,2
cristal53,2
cristal54,2
cristal55,2
cristal56,2
cristal57,3
cristal58,2
cristal59,2
cristal60,2
cristal61,2
image_1424.jpg
image_1429.jpg
cristal1,2
cristal2,2
cristal3,2
cristal4,2
cristal5,2
cristal6,2
cristal7,2
cristal8,2
cristal9,2
cristal10,2
cristal11,2
cristal12,2
cristal13,2
cristal14,2
cristal15,2
cristal16,2
cristal17,2
cristal18,2
cristal19,2
cristal20,2
cristal21,2
cristal22,2
cristal23,2
cristal24,2
cristal25,2
cristal26,2
cristal27,2
cristal28,2
cristal29,2
cristal30,3
cristal31,2
cristal32,2
cristal33,2
cristal34,3
cristal35,2
cristal36,2
cristal37,2
cristal38,2
cristal39,2
cristal40,2
cristal41,2
cristal42,2
cristal43,2
cristal44,2
cristal45,2
cristal46,2
cristal47,2
cristal48,2
cristal49,2
cristal50,2
cristal51,2
cristal52,2
cristal53,2
cristal54,3
cristal55,2
cristal56,2
cristal57,2
cristal58,2
cristal59,3
cristal60,2
cristal61,2
cristal62,2
cristal63,2
cristal64,2
image_1433.jpg
cristal1,2
cristal2,2
cristal3,2
cristal4,2
cristal5,2
cristal6,2
cristal7,2
cristal8,2
cristal9,2
cristal10,2
cristal11,2
cristal12,2
cristal13,2
cristal14,2
cristal15,3
cristal16,2
cristal17,2
cristal18,2
cristal19,2
cristal20,3
cristal21,2
cristal22,2
cristal23,2
cristal24,2
cristal25,2
image_1438.jpg
cristal1,3
cristal2,3
cristal3,3
cristal4,3
cristal5,3
cristal6,1
cristal7,1
cristal8,3
cristal9,3
cristal10,3
cristal11,3
image_1440.jpg
cristal1,1
cristal2,3
cristal3,3
cristal4,1
cristal5,1
cristal6,3
cristal7,1
cristal8,1
cristal9,1
cristal10,3
cristal11,1
cristal12,1
cristal13,3
cristal14,3
cristal15,2
cristal16,3
cristal17,1
cristal18,2
cristal19,2
cristal20,1
cristal21,1
cristal22,1
cristal23,1
cristal24,1
cristal25,3
cristal26,1
image_1442.jpg
cristal1,2
cristal2,2
cristal3,2
cristal4,2
cristal5,2
cristal6,2
cristal7,2
cristal8,2
cristal9,2
cristal10,2
cristal11,2
cristal12,2
cristal13,2
cristal14,2
cristal15,2
cristal16,2
cristal17,2
cristal18,2
cristal19,2
cristal20,2
cristal21,2
cristal22,2
cristal23,2
cristal24,2
cristal25,2
cristal26,2
cristal27,2
cristal28,2
cristal29,2
cristal30,2
cristal31,2
cristal32,2
cristal33,2
cristal34,2
cristal35,2
cristal36,2
cristal37,2
cristal38,2
cristal39,2
cristal40,2
cristal41,2
cristal42,2
cristal43,2
cristal44,2
cristal45,2
cristal46,2
cristal47,2
cristal48,2
cristal49,2
cristal50,2
cristal51,3
cristal52,2
cristal53,2
cristal54,2
image_1449.jpg
cristal1,2
cristal2,1
cristal3,2
cristal4,1
cristal5,1
cristal6,2
cristal7,1
cristal8,2
cristal9,1
cristal10,2
cristal11,2
cristal12,2
cristal13,2
cristal14,2
cristal15,2
cristal16,2
cristal17,1
cristal18,2
cristal19,2
cristal20,1
cristal21,1
cristal22,2
cristal23,3
cristal24,2
cristal25,2
cristal26,2
cristal27,2
cristal28,2
cristal29,2
cristal30,1
cristal31,2
cristal32,1
cristal33,1
cristal34,2
cristal35,1
cristal36,2
image_1450.jpg
cristal1,2
cristal2,2
cristal3,2
cristal4,2
cristal5,2
cristal6,1
cristal7,2
cristal8,2
cristal9,2
cristal10,2
cristal11,1
cristal12,2
cristal13,2
cristal14,2
image_1451.jpg
cristal1,2
cristal2,2
cristal3,2
cristal4,2
cristal5,2
cristal6,2
cristal7,2
cristal8,2
cristal9,2
cristal10,2
cristal11,2
cristal12,2
cristal13,2
cristal14,2
cristal15,2
cristal16,2
cristal17,2
cristal18,2
cristal19,2
cristal20,2
cristal21,2
cristal22,2
cristal23,2
cristal24,2
cristal25,2
cristal26,2
cristal27,2
cristal28,3
cristal29,2
cristal30,2
cristal31,2
cristal32,2
image_1460.jpg
cristal1,2
cristal2,2
cristal3,2
cristal4,2
cristal5,2
cristal6,2
cristal7,2
cristal8,2
cristal9,2
cristal10,2
cristal11,2
cristal12,2
cristal13,2
cristal14,2
cristal15,2
cristal16,2
cristal17,2
cristal18,2
cristal19,2
cristal20,2
cristal21,2
cristal22,2
cristal23,2
cristal24,2
cristal25,2
cristal26,2
cristal27,2
cristal28,2
cristal29,2
cristal30,2
cristal31,2
cristal32,2
cristal33,2
cristal34,2
cristal35,1
cristal36,2
cristal37,2
cristal38,2
cristal39,2
cristal40,2
cristal41,2
cristal42,2
cristal43,2
cristal44,2
cristal45,2
cristal46,2
cristal47,2
cristal48,2
cristal49,2
cristal50,2
cristal51,2
cristal52,2
cristal53,2
cristal54,1
cristal55,2
cristal56,2
cristal57,2
cristal58,2
cristal59,2
cristal60,2
cristal61,2
cristal62,2
cristal63,2
cristal64,2
cristal65,2
cristal66,2
cristal67,2
cristal68,2
cristal69,2
cristal70,2
cristal71,2
cristal72,2
cristal73,2
cristal74,2
cristal75,2
cristal76,2
cristal77,3
cristal78,2
cristal79,2
cristal80,2
cristal81,2
cristal82,2
cristal83,2
image_1461.jpg
cristal1,1
cristal2,1
cristal3,3
cristal4,1
cristal5,1
cristal6,1
cristal7,1
cristal8,1
cristal9,1
cristal10,2
cristal11,2
cristal12,1
cristal13,1
cristal14,1
cristal15,2
cristal16,3
cristal17,1
cristal18,1
cristal19,1
cristal20,1
cristal21,1
cristal22,1
cristal23,2
cristal24,2
image_1463.jpg
cristal1,2
cristal2,1
cristal3,1
cristal4,2
cristal5,2
cristal6,2
cristal7,1
cristal8,3
cristal9,2
cristal10,2
cristal11,2
cristal12,2
cristal13,2
cristal14,2
cristal15,2
cristal16,2
cristal17,2
cristal18,2
cristal19,2
image_1470.jpg
cristal1,3
cristal2,1
cristal3,3
image_1476.jpg
cristal1,2
cristal2,1
cristal3,1
cristal4,2
cristal5,2
cristal6,2
cristal7,1
cristal8,3
cristal9,2
cristal10,2
cristal11,2
cristal12,2
cristal13,2
cristal14,2
cristal15,2
cristal16,2
cristal17,2
cristal18,2
cristal19,2
image_1479.jpg
cristal1,2
cristal2,2
cristal3,2
cristal4,2
cristal5,2
cristal6,2
cristal7,2
cristal8,2
cristal9,2
cristal10,2
cristal11,2
cristal12,2
cristal13,2
cristal14,2
cristal15,2
cristal16,2
cristal17,2
cristal18,2
cristal19,2
cristal20,2
cristal21,2
cristal22,2
cristal23,2
cristal24,2
cristal25,2
cristal26,2
cristal27,2
cristal28,2
cristal29,2
cristal30,2
cristal31,2
cristal32,2
cristal33,2
cristal34,2
cristal35,2
cristal36,2
cristal37,2
image_1512.jpg
cristal1,2
cristal2,2
cristal3,2
cristal4,2
cristal5,2
cristal6,2
cristal7,2
cristal8,2
cristal9,2
cristal10,2
cristal11,2
cristal12,2
cristal13,2
cristal14,2
cristal15,2
cristal16,2
cristal17,2
cristal18,2
cristal19,2
cristal20,2
cristal21,2
cristal22,2
cristal23,2
cristal24,2
cristal25,2
cristal26,2
cristal27,2
cristal28,2
cristal29,2
cristal30,2
image_1515.jpg
cristal1,1
cristal2,1
cristal3,3
cristal4,1
cristal5,1
cristal6,1
cristal7,1
cristal8,1
cristal9,1
cristal10,1
cristal11,2
cristal12,1
cristal13,1
cristal14,1
cristal15,1
cristal16,1
cristal17,1
cristal18,3
cristal19,2
cristal20,1
cristal21,1
cristal22,1
cristal23,1
cristal24,3
cristal25,2
cristal26,1
cristal27,1
cristal28,1
cristal29,2
image_1520.jpg
cristal1,1
cristal2,2
cristal3,1
cristal4,1
cristal5,1
cristal6,1
cristal7,1
cristal8,1
cristal9,1
cristal10,2
cristal11,1
cristal12,1
cristal13,1
cristal14,2
cristal15,1
cristal16,2
cristal17,1
cristal18,2
cristal19,2
cristal20,2
cristal21,1
cristal22,2
cristal23,2
cristal24,1
cristal25,2
cristal26,1
cristal27,2
cristal28,2
cristal29,1
cristal30,2
cristal31,2
cristal32,1
cristal33,2
cristal34,2
cristal35,2
cristal36,2
cristal37,1
cristal38,2
cristal39,2
cristal40,2
cristal41,1
cristal42,1
cristal43,3
cristal44,2
cristal45,1
cristal46,2
cristal47,2
image_1525.jpg
cristal1,2
cristal2,2
cristal3,2
cristal4,1
cristal5,2
cristal6,2
cristal7,2
cristal8,2
cristal9,2
cristal10,2
cristal11,2
cristal12,2
cristal13,2
cristal14,2
cristal15,2
cristal16,2
cristal17,2
cristal18,2
cristal19,2
cristal20,2
cristal21,2
cristal22,2
cristal23,3
cristal24,2
image_1527.jpg
image_1528.jpg
cristal1,1
cristal2,1
cristal3,1
cristal4,1
cristal5,2
cristal6,1
cristal7,2
cristal8,1
cristal9,2
cristal10,2
cristal11,1
cristal12,2
cristal13,2
cristal14,2
cristal15,2
cristal16,2
image_1531.jpg
cristal1,1
cristal2,1
cristal3,2
cristal4,1
cristal5,2
cristal6,2
cristal7,2
cristal8,2
cristal9,2
cristal10,2
cristal11,2
cristal12,2
cristal13,2
cristal14,2
cristal15,2
cristal16,1
cristal17,2
cristal18,1
cristal19,2
image_1534.jpg
cristal1,1
cristal2,1
cristal3,2
cristal4,2
cristal5,2
cristal6,1
cristal7,2
cristal8,2
cristal9,2
cristal10,2
cristal11,2
cristal12,2
cristal13,2
cristal14,2
cristal15,2
cristal16,2
cristal17,2
cristal18,2
cristal19,2
cristal20,2
cristal21,2
cristal22,3
cristal23,2
image_1554.jpg
cristal1,1
cristal2,1
cristal3,1
cristal4,2
cristal5,2
cristal6,2
cristal7,2
cristal8,2
cristal9,2
cristal10,2
cristal11,1
cristal12,2
cristal13,2
cristal14,2
cristal15,2
cristal16,2
cristal17,2
cristal18,2
cristal19,1
cristal20,2
cristal21,2
cristal22,2
image_1555.jpg
cristal1,2
cristal2,1
cristal3,1
cristal4,1
cristal5,2
cristal6,2
cristal7,1
cristal8,2
cristal9,2
cristal10,2
cristal11,2
cristal12,2
cristal13,2
cristal14,1
cristal15,2
cristal16,2
cristal17,2
cristal18,2
cristal19,2
cristal20,2
cristal21,2
cristal22,2
cristal23,2
cristal24,2
cristal25,2
image_1556.jpg
cristal1,1
cristal2,2
cristal3,2
cristal4,1
cristal5,2
cristal6,1
cristal7,2
cristal8,2
cristal9,1
cristal10,2
cristal11,2
cristal12,2
cristal13,2
cristal14,2
cristal15,2
cristal16,2
cristal17,2
cristal18,2
cristal19,2
cristal20,2
cristal21,2
cristal22,2
image_1565.jpg
cristal1,1
cristal2,2
cristal3,1
cristal4,2
image_1572.jpg
cristal1,2
cristal2,1
cristal3,1
cristal4,2
cristal5,1
cristal6,1
cristal7,2
cristal8,2
cristal9,1
cristal10,2
cristal11,2
cristal12,2
cristal13,2
cristal14,2
cristal15,2
cristal16,1
cristal17,2
cristal18,2
cristal19,2
cristal20,2
cristal21,2
cristal22,1
cristal23,2
cristal24,2
image_1582.jpg
cristal1,2
cristal2,1
cristal3,1
cristal4,1
cristal5,2
cristal6,2
cristal7,1
cristal8,2
cristal9,2
cristal10,2
cristal11,2
cristal12,2
cristal13,2
cristal14,1
cristal15,2
cristal16,2
cristal17,2
cristal18,2
cristal19,2
cristal20,2
cristal21,2
cristal22,2
cristal23,2
cristal24,2
cristal25,2
image_1602.jpg
cristal1,2
cristal2,2
cristal3,2
cristal4,2
cristal5,2
cristal6,2
cristal7,2
cristal8,2
cristal9,2
cristal10,2
cristal11,2
cristal12,2
cristal13,2
cristal14,2
cristal15,2
cristal16,2
cristal17,2
cristal18,2
cristal19,2
cristal20,2
cristal21,2
cristal22,2
cristal23,1
cristal24,2
cristal25,2
cristal26,3
cristal27,2
image_1611.jpg
cristal1,1
cristal2,1
cristal3,1
cristal4,2
image_1616.jpg
cristal1,2
cristal2,2
cristal3,2
cristal4,1
cristal5,2
cristal6,2
cristal7,2
cristal8,1
cristal9,2
cristal10,2
cristal11,2
cristal12,2
cristal13,1
cristal14,2
cristal15,2
image_1619.jpg
cristal1,1
cristal2,1
cristal3,1
cristal4,1
cristal5,1
cristal6,1
cristal7,1
cristal8,1
cristal9,1
cristal10,2
cristal11,2
cristal12,2
cristal13,1
cristal14,1
cristal15,2
cristal16,1
cristal17,1
cristal18,1
cristal19,1
cristal20,1
image_1621.jpg
cristal1,2
cristal2,2
cristal3,1
cristal4,2
cristal5,1
cristal6,2
cristal7,2
cristal8,2
cristal9,2
cristal10,2
cristal11,2
cristal12,2
cristal13,2
cristal14,2
cristal15,2
cristal16,2
cristal17,2
cristal18,2
cristal19,2
cristal20,2
cristal21,2
cristal22,2
cristal23,2
cristal24,2
cristal25,2
cristal26,2
cristal27,2
cristal28,2
cristal29,2
cristal30,2
cristal31,2
cristal32,2
cristal33,2
cristal34,2
cristal35,2
cristal36,2
cristal37,2
cristal38,2
cristal39,2
cristal40,2
cristal41,2
cristal42,2
cristal43,2
cristal44,2
cristal45,2
cristal46,2
cristal47,2
cristal48,2
cristal49,2
cristal50,2
cristal51,2
cristal52,2
cristal53,2
cristal54,2
cristal55,2
cristal56,2
cristal57,3
cristal58,2
cristal59,2
cristal60,2
cristal61,2
cristal62,2
cristal63,2
cristal64,2
cristal65,2
cristal66,2
cristal67,2
cristal68,2
cristal69,2
cristal70,2
cristal71,2
cristal72,2
cristal73,2
cristal74,2
cristal75,2
cristal76,2
cristal77,2
cristal78,2
cristal79,2
cristal80,1
cristal81,2
cristal82,2
cristal83,2
cristal84,2
cristal85,2
cristal86,2
cristal87,2
cristal88,2
cristal89,2
cristal90,2
cristal91,2
cristal92,2
cristal93,1
cristal94,2
cristal95,2
cristal96,2
cristal97,2
image_1624.jpg
cristal1,1
cristal2,1
cristal3,2
cristal4,1
cristal5,2
cristal6,2
cristal7,2
cristal8,2
cristal9,2
cristal10,2
cristal11,1
cristal12,2
cristal13,2
cristal14,2
cristal15,2
cristal16,2
cristal17,2
cristal18,2
cristal19,2
cristal20,2
cristal21,2
cristal22,2
cristal23,2
cristal24,2
cristal25,2
cristal26,2
cristal27,2
cristal28,2
cristal29,2
cristal30,2
cristal31,2
cristal32,1
cristal33,2
cristal34,2
cristal35,2
cristal36,2
cristal37,2
cristal38,2
cristal39,2
image_1628.jpg
cristal1,1
cristal2,1
cristal3,2
cristal4,2
cristal5,2
cristal6,2
cristal7,2
cristal8,2
cristal9,2
cristal10,1
cristal11,2
cristal12,2
cristal13,2
cristal14,2
cristal15,1
cristal16,2
cristal17,2
image_1631.jpg
cristal1,1
cristal2,1
cristal3,1
cristal4,3
cristal5,1
cristal6,1
cristal7,1
cristal8,1
cristal9,1
cristal10,1
cristal11,2
cristal12,2
cristal13,1
cristal14,2
cristal15,2
cristal16,1
cristal17,1
cristal18,2
cristal19,1
cristal20,1
cristal21,2
cristal22,1
cristal23,2
cristal24,2
cristal25,3
cristal26,1
cristal27,1
image_1632.jpg
cristal1,1
cristal2,3
cristal3,1
cristal4,1
cristal5,3
cristal6,1
cristal7,1
cristal8,3
cristal9,1
cristal10,1
cristal11,1
cristal12,3
cristal13,1
cristal14,3
cristal15,2
cristal16,2
cristal17,1
cristal18,1
cristal19,1
cristal20,2
cristal21,1
image_1636.jpg
cristal1,2
cristal2,2
cristal3,2
cristal4,2
cristal5,2
cristal6,2
cristal7,2
cristal8,2
cristal9,2
cristal10,2
cristal11,2
cristal12,2
cristal13,2
cristal14,2
cristal15,2
cristal16,2
cristal17,2
cristal18,2
cristal19,2
image_1641.jpg
cristal1,2
cristal2,2
cristal3,2
cristal4,2
cristal5,2
cristal6,2
cristal7,1
cristal8,2
cristal9,2
cristal10,2
cristal11,1
cristal12,2
cristal13,2
cristal14,2
cristal15,2
cristal16,1
cristal17,2
cristal18,2
cristal19,2
cristal20,2
cristal21,2
cristal22,2
cristal23,2
cristal24,2
cristal25,1
cristal26,2
cristal27,2
cristal28,2
cristal29,2
cristal30,1
cristal31,2
cristal32,2
cristal33,2
cristal34,2
cristal35,2
cristal36,2
cristal37,2
cristal38,2
cristal39,2
cristal40,2
cristal41,2
cristal42,1
cristal43,2
cristal44,2
cristal45,2
cristal46,2
cristal47,2
cristal48,2
cristal49,2
cristal50,2
cristal51,2
cristal52,2
cristal53,2
cristal54,2
cristal55,2
cristal56,2
cristal57,2
cristal58,2
cristal59,2
cristal60,2
cristal61,2
cristal62,2
cristal63,2
cristal64,2
cristal65,2
cristal66,2
cristal67,2
cristal68,2
cristal69,2
cristal70,2
cristal71,2
cristal72,2
cristal73,2
cristal74,2
cristal75,2
cristal76,2
cristal77,2
cristal78,2
cristal79,2
cristal80,1
cristal81,2
image_1647.jpg
cristal1,1
cristal2,2
cristal3,2
cristal4,1
cristal5,2
cristal6,1
cristal7,2
cristal8,2
cristal9,2
cristal10,1
cristal11,2
cristal12,2
cristal13,2
cristal14,2
cristal15,2
cristal16,2
cristal17,2
cristal18,2
cristal19,2
cristal20,2
cristal21,2
cristal22,2
cristal23,2
cristal24,2
cristal25,2
cristal26,2
cristal27,2
cristal28,2
cristal29,2
cristal30,1
cristal31,2
cristal32,2
cristal33,2
cristal34,1
cristal35,2
cristal36,2
cristal37,2
cristal38,2
cristal39,2
cristal40,2
cristal41,2
cristal42,2
cristal43,2
cristal44,2
cristal45,2
cristal46,2
cristal47,2
cristal48,2
image_1649.jpg
cristal1,1
cristal2,1
cristal3,2
cristal4,2
cristal5,2
cristal6,2
cristal7,2
cristal8,2
cristal9,2
cristal10,1
cristal11,2
cristal12,2
cristal13,2
cristal14,2
cristal15,1
cristal16,2
cristal17,2
image_1652.jpg
cristal1,1
cristal2,1
cristal3,1
cristal4,3
cristal5,1
cristal6,1
cristal7,1
cristal8,1
cristal9,1
cristal10,1
cristal11,2
cristal12,2
cristal13,1
cristal14,2
cristal15,2
cristal16,1
cristal17,1
cristal18,2
cristal19,1
cristal20,1
cristal21,2
cristal22,1
cristal23,2
cristal24,2
cristal25,3
cristal26,1
cristal27,1
image_1655.jpg
cristal1,1
cristal2,1
cristal3,1
cristal4,1
cristal5,3
cristal6,1
cristal7,2
cristal8,3
cristal9,1
cristal10,1
cristal11,1
cristal12,1
cristal13,2
image_1660.jpg
cristal1,1
cristal2,1
cristal3,1
cristal4,1
cristal5,2
cristal6,2
cristal7,1
cristal8,1
cristal9,1
cristal10,1
cristal11,1
image_1664.jpg
cristal1,2
cristal2,2
cristal3,2
cristal4,2
cristal5,2
cristal6,2
cristal7,2
cristal8,2
cristal9,2
cristal10,2
cristal11,2
cristal12,2
cristal13,2
cristal14,2
cristal15,2
cristal16,2
cristal17,2
cristal18,2
cristal19,2
cristal20,2
cristal21,2
cristal22,2
cristal23,2
cristal24,3
cristal25,2
cristal26,2
cristal27,2
cristal28,2
cristal29,3
cristal30,2
cristal31,2
cristal32,2
cristal33,2
cristal34,2
cristal35,2
cristal36,2
cristal37,2
cristal38,2
cristal39,2
cristal40,2
image_1665.jpg
cristal1,1
cristal2,2
cristal3,1
cristal4,1
cristal5,1
cristal6,2
cristal7,2
cristal8,1
cristal9,1
cristal10,2
cristal11,2
cristal12,2
cristal13,2
cristal14,2
cristal15,2
image_1668.jpg
cristal1,1
cristal2,1
cristal3,2
cristal4,1
cristal5,1
cristal6,1
cristal7,2
cristal8,2
cristal9,1
cristal10,3
image_1670.jpg
cristal1,1
cristal2,2
cristal3,1
cristal4,2
cristal5,2
cristal6,2
cristal7,2
cristal8,2
cristal9,2
cristal10,2
cristal11,2
cristal12,1
cristal13,1
cristal14,2
cristal15,1
cristal16,2
cristal17,2
cristal18,2
cristal19,2
cristal20,2
cristal21,2
cristal22,2
cristal23,2
image_1683.jpg
cristal1,2
cristal2,2
cristal3,2
cristal4,2
cristal5,2
cristal6,2
cristal7,2
cristal8,2
cristal9,2
cristal10,2
cristal11,2
cristal12,2
cristal13,2
cristal14,2
cristal15,2
cristal16,2
cristal17,2
cristal18,2
cristal19,2
cristal20,2
cristal21,2
cristal22,2
cristal23,3
cristal24,2
cristal25,2
cristal26,2
cristal27,2
cristal28,2
cristal29,2
cristal30,2
cristal31,2
cristal32,2
cristal33,2
cristal34,2
cristal35,2
cristal36,2
cristal37,2
cristal38,2
cristal39,2
cristal40,2
cristal41,2
cristal42,2
cristal43,2
cristal44,2
cristal45,2
cristal46,2
cristal47,2
cristal48,2
cristal49,2
cristal50,2
cristal51,2
cristal52,2
cristal53,2
cristal54,2
cristal55,2
cristal56,2
cristal57,2
cristal58,2
cristal59,2
cristal60,2
cristal61,2
cristal62,2
cristal63,2
cristal64,2
cristal65,2
cristal66,2
cristal67,2
cristal68,2
cristal69,2
cristal70,2
cristal71,2
cristal72,2
cristal73,2
cristal74,2
cristal75,2
cristal76,2
cristal77,2
cristal78,2
cristal79,2
cristal80,2
cristal81,2
cristal82,2
cristal83,2
cristal84,2
cristal85,2
cristal86,2
cristal87,2
cristal88,3
cristal89,1
cristal90,1
cristal91,2
cristal92,2
cristal93,2
cristal94,2
cristal95,2
cristal96,2
cristal97,2
cristal98,2
cristal99,2
cristal100,2
image_1688.jpg
cristal1,2
cristal2,2
cristal3,2
cristal4,2
cristal5,2
cristal6,2
cristal7,2
cristal8,2
cristal9,2
cristal10,2
cristal11,2
cristal12,2
cristal13,2
cristal14,2
cristal15,2
cristal16,2
cristal17,2
cristal18,2
cristal19,2
cristal20,2
cristal21,2
cristal22,2
cristal23,2
cristal24,2
cristal25,2
cristal26,2
cristal27,2
cristal28,2
cristal29,2
cristal30,2
cristal31,1
cristal32,2
cristal33,2
cristal34,2
cristal35,2
image_1690.jpg
cristal1,2
cristal2,2
cristal3,2
cristal4,2
cristal5,2
cristal6,2
cristal7,2
cristal8,2
cristal9,2
cristal10,2
cristal11,2
cristal12,2
cristal13,2
cristal14,2
cristal15,2
cristal16,2
cristal17,2
cristal18,2
cristal19,1
cristal20,2
cristal21,2
cristal22,2
cristal23,2
cristal24,2
cristal25,2
cristal26,1
cristal27,2
image_1702.jpg
cristal1,2
cristal2,2
cristal3,2
cristal4,2
cristal5,2
cristal6,2
cristal7,2
cristal8,2
cristal9,2
cristal10,2
cristal11,2
cristal12,2
cristal13,2
cristal14,2
cristal15,2
cristal16,2
cristal17,2
cristal18,2
cristal19,2
cristal20,2
cristal21,2
image_1705.jpg
image_1708.jpg
cristal1,2
image_1709.jpg
image_1712.jpg
cristal1,1
cristal2,2
cristal3,2
cristal4,2
cristal5,2
cristal6,2
cristal7,2
cristal8,2
cristal9,2
cristal10,2
cristal11,2
cristal12,2
cristal13,2
cristal14,2
cristal15,2
cristal16,2
cristal17,2
cristal18,2
cristal19,2
cristal20,2
cristal21,2
cristal22,2
cristal23,2
cristal24,2
cristal25,2
cristal26,2
cristal27,2
cristal28,2
cristal29,2
cristal30,2
cristal31,2
image_1735.jpg
cristal1,2
cristal2,2
cristal3,2
cristal4,2
cristal5,2
cristal6,2
cristal7,2
cristal8,2
cristal9,2
cristal10,2
cristal11,2
cristal12,2
cristal13,2
cristal14,2
cristal15,3
image_1742.jpg
cristal1,2
cristal2,1
cristal3,2
cristal4,2
cristal5,2
cristal6,2
cristal7,2
cristal8,2
cristal9,2
image_1744.jpg
cristal1,2
cristal2,2
cristal3,2
cristal4,2
cristal5,2
cristal6,2
cristal7,2
cristal8,2
cristal9,2
cristal10,2
cristal11,2
cristal12,2
cristal13,2
cristal14,2
cristal15,2
cristal16,2
image_1746.jpg
cristal1,1
cristal2,1
cristal3,2
cristal4,1
cristal5,2
cristal6,1
cristal7,1
cristal8,2
cristal9,2
cristal10,2
cristal11,2
cristal12,2
cristal13,1
cristal14,2
cristal15,2
cristal16,2
cristal17,1
cristal18,2
cristal19,2
cristal20,2
cristal21,2
cristal22,1
cristal23,2
cristal24,2
cristal25,1
cristal26,2
cristal27,2
cristal28,2
cristal29,2
cristal30,3
cristal31,1
cristal32,2
image_1748.jpg
cristal1,1
cristal2,1
cristal3,2
cristal4,2
cristal5,2
cristal6,1
cristal7,1
cristal8,1
cristal9,2
cristal10,2
cristal11,2
cristal12,2
cristal13,2
cristal14,2
cristal15,2
cristal16,2
cristal17,2
image_1755.jpg
cristal1,1
cristal2,2
cristal3,1
cristal4,2
cristal5,2
cristal6,2
cristal7,2
cristal8,1
cristal9,2
cristal10,1
cristal11,1
cristal12,2
cristal13,2
cristal14,2
cristal15,2
cristal16,2
cristal17,2
cristal18,2
cristal19,2
cristal20,2
cristal21,1
cristal22,1
cristal23,2
cristal24,2
cristal25,2
cristal26,1
cristal27,1
cristal28,1
cristal29,2
cristal30,2
cristal31,2
cristal32,2
cristal33,2
cristal34,2
cristal35,2
cristal36,2
cristal37,2
cristal38,2
cristal39,1
cristal40,2
cristal41,2
cristal42,2
cristal43,1
cristal44,2
cristal45,1
cristal46,2
cristal47,2
cristal48,2
cristal49,2
cristal50,2
cristal51,2
cristal52,2
cristal53,2
cristal54,2
cristal55,1
cristal56,1
cristal57,2
cristal58,2
cristal59,2
cristal60,1
cristal61,2
cristal62,2
cristal63,2
cristal64,1
cristal65,2
cristal66,2
cristal67,2
cristal68,2
cristal69,2
cristal70,2
cristal71,2
cristal72,2
image_1760.jpg
cristal1,2
cristal2,2
cristal3,2
cristal4,2
cristal5,2
cristal6,2
cristal7,2
cristal8,2
cristal9,2
cristal10,2
cristal11,2
cristal12,2
cristal13,2
cristal14,2
cristal15,2
cristal16,2
cristal17,2
cristal18,2
cristal19,2
cristal20,2
cristal21,2
cristal22,2
cristal23,2
cristal24,2
cristal25,2
cristal26,2
cristal27,2
cristal28,2
cristal29,2
cristal30,2
cristal31,2
cristal32,2
cristal33,2
cristal34,2
cristal35,2
image_1784.jpg
cristal1,2
cristal2,2
cristal3,2
cristal4,2
cristal5,2
cristal6,2
cristal7,2
cristal8,2
cristal9,2
cristal10,2
cristal11,2
cristal12,2
cristal13,2
cristal14,2
cristal15,2
cristal16,2
cristal17,2
cristal18,2
cristal19,2
cristal20,2
cristal21,2
cristal22,2
cristal23,2
cristal24,2
cristal25,2
cristal26,2
cristal27,2
cristal28,2
cristal29,2
cristal30,2
cristal31,2
cristal32,2
cristal33,2
cristal34,2
cristal35,2
cristal36,2
cristal37,2
cristal38,2
cristal39,2
cristal40,2
cristal41,2
cristal42,2
cristal43,2
cristal44,2
cristal45,2
cristal46,2
cristal47,2
cristal48,2
cristal49,2
cristal50,2
cristal51,2
cristal52,2
cristal53,2
cristal54,2
cristal55,2
cristal56,2
cristal57,2
cristal58,2
cristal59,2
cristal60,2
cristal61,2
cristal62,2
cristal63,2
cristal64,2
cristal65,2
cristal66,2
cristal67,2
cristal68,2
cristal69,2
cristal70,2
cristal71,2
cristal72,2
cristal73,2
cristal74,2
cristal75,2
cristal76,2
cristal77,2
cristal78,2
cristal79,2
cristal80,2
cristal81,2
cristal82,2
cristal83,2
cristal84,2
cristal85,2
cristal86,2
cristal87,2
cristal88,2
cristal89,2
image_1786.jpg
cristal1,2
cristal2,2
cristal3,2
cristal4,2
cristal5,2
cristal6,2
cristal7,2
cristal8,2
cristal9,2
cristal10,2
cristal11,2
cristal12,2
cristal13,2
cristal14,2
cristal15,2
cristal16,2
cristal17,2
cristal18,2
cristal19,2
cristal20,2
cristal21,2
cristal22,2
cristal23,2
cristal24,2
cristal25,2
cristal26,2
cristal27,2
cristal28,2
cristal29,2
cristal30,2
cristal31,2
cristal32,2
cristal33,2
cristal34,2
cristal35,2
cristal36,2
cristal37,2
cristal38,2
cristal39,2
cristal40,2
cristal41,2
cristal42,2
cristal43,2
cristal44,2
cristal45,2
cristal46,2
cristal47,2
cristal48,2
cristal49,2
cristal50,2
cristal51,2
cristal52,2
cristal53,2
cristal54,2
cristal55,2
cristal56,2
cristal57,2
cristal58,2
cristal59,2
cristal60,2
cristal61,2
cristal62,2
cristal63,2
cristal64,2
cristal65,2
cristal66,2
cristal67,2
cristal68,2
cristal69,2
cristal70,2
cristal71,2
cristal72,2
cristal73,2
cristal74,2
cristal75,2
cristal76,2
cristal77,2
cristal78,2
cristal79,2
cristal80,2
cristal81,2
cristal82,2
cristal83,2
cristal84,2
cristal85,2
cristal86,2
cristal87,2
cristal88,2
cristal89,2
cristal90,2
cristal91,2
image_1788.jpg
cristal1,1
cristal2,3
cristal3,3
cristal4,3
image_1791.jpg
cristal1,2
cristal2,2
cristal3,2
cristal4,2
cristal5,2
cristal6,2
cristal7,2
cristal8,2
cristal9,2
cristal10,2
cristal11,2
cristal12,2
cristal13,2
cristal14,2
cristal15,2
cristal16,2
cristal17,2
cristal18,2
cristal19,2
cristal20,2
cristal21,2
cristal22,2
cristal23,2
cristal24,2
cristal25,2
cristal26,2
cristal27,2
cristal28,2
cristal29,2
cristal30,2
cristal31,2
cristal32,2
cristal33,2
cristal34,2
cristal35,2
cristal36,2
cristal37,2
cristal38,2
cristal39,2
cristal40,2
cristal41,2
cristal42,2
cristal43,2
cristal44,2
cristal45,2
cristal46,2
cristal47,2
cristal48,2
cristal49,2
cristal50,2
image_1794-1.jpg
cristal1,2
cristal2,2
cristal3,2
cristal4,2
cristal5,2
cristal6,2
cristal7,2
cristal8,2
cristal9,2
cristal10,2
cristal11,2
cristal12,2
cristal13,2
cristal14,2
cristal15,2
cristal16,2
cristal17,2
cristal18,2
cristal19,2
cristal20,2
cristal21,2
cristal22,2
cristal23,2
cristal24,2
image_1794-14.jpg
cristal1,2
cristal2,2
cristal3,2
cristal4,2
cristal5,2
cristal6,2
cristal7,2
cristal8,2
cristal9,2
cristal10,2
cristal11,2
cristal12,2
cristal13,2
cristal14,2
cristal15,2
cristal16,2
image_1794-2.jpg
cristal1,2
cristal2,2
cristal3,2
cristal4,2
cristal5,2
cristal6,2
cristal7,2
cristal8,2
cristal9,2
cristal10,2
cristal11,2
cristal12,2
cristal13,2
cristal14,2
cristal15,2
cristal16,2
cristal17,2
cristal18,2
cristal19,2
cristal20,2
cristal21,2
cristal22,2
cristal23,2
cristal24,2
image_1794-20.jpg
cristal1,2
cristal2,2
cristal3,2
cristal4,2
cristal5,2
cristal6,2
cristal7,2
cristal8,2
cristal9,2
cristal10,2
cristal11,2
cristal12,2
cristal13,2
cristal14,2
cristal15,2
cristal16,2
cristal17,2
cristal18,2
cristal19,2
cristal20,2
cristal21,2
cristal22,2
image_1794-21.jpg
cristal1,2
cristal2,2
cristal3,2
cristal4,2
cristal5,2
cristal6,2
cristal7,2
cristal8,2
cristal9,2
cristal10,2
cristal11,2
cristal12,2
cristal13,2
cristal14,2
cristal15,2
cristal16,2
cristal17,2
cristal18,2
cristal19,2
cristal20,2
image_1794-5.jpg
cristal1,2
cristal2,2
cristal3,2
cristal4,2
cristal5,2
cristal6,2
cristal7,2
cristal8,2
cristal9,2
cristal10,2
cristal11,2
cristal12,2
cristal13,2
cristal14,2
cristal15,2
cristal16,2
cristal17,2
cristal18,2
cristal19,2
cristal20,2
cristal21,2
cristal22,2
cristal23,2
cristal24,2
image_1794-6.jpg
cristal1,2
cristal2,2
cristal3,2
cristal4,2
cristal5,2
cristal6,2
cristal7,2
cristal8,2
cristal9,2
cristal10,2
cristal11,2
cristal12,2
cristal13,2
cristal14,2
cristal15,2
cristal16,2
cristal17,2
cristal18,2
cristal19,2
cristal20,2
cristal21,2
cristal22,2
cristal23,2
cristal24,2
image_1794-7.jpg
cristal1,2
cristal2,2
cristal3,2
cristal4,2
cristal5,2
cristal6,2
cristal7,2
cristal8,2
cristal9,2
cristal10,2
cristal11,2
cristal12,2
cristal13,2
cristal14,2
cristal15,2
cristal16,2
cristal17,2
cristal18,2
cristal19,2
cristal20,2
cristal21,2
cristal22,2
cristal23,2
cristal24,2
image_1794-9.jpg
cristal1,2
cristal2,2
cristal3,2
cristal4,2
cristal5,2
cristal6,2
cristal7,2
cristal8,2
cristal9,2
cristal10,2
cristal11,2
cristal12,2
cristal13,2
cristal14,2
cristal15,2
cristal16,2
cristal17,2
cristal18,2
cristal19,2
cristal20,2
cristal21,2
cristal22,2
cristal23,2
cristal24,2
image_1797.jpg
cristal1,2
cristal2,2
cristal3,2
cristal4,2
cristal5,2
cristal6,2
cristal7,2
cristal8,2
cristal9,2
cristal10,2
cristal11,2
cristal12,2
cristal13,2
cristal14,2
cristal15,2
cristal16,2
cristal17,2
cristal18,2
cristal19,2
cristal20,2
cristal21,2
cristal22,2
cristal23,2
cristal24,2
image_1799.jpg
cristal1,2
cristal2,2
cristal3,2
cristal4,2
cristal5,2
cristal6,2
cristal7,2
cristal8,2
cristal9,2
cristal10,2
cristal11,2
cristal12,2
cristal13,2
cristal14,2
cristal15,2
cristal16,2
cristal17,2
cristal18,2
cristal19,2
cristal20,2
cristal21,2
cristal22,2
cristal23,2
cristal24,2
image_1804.jpg
cristal1,2
cristal2,2
cristal3,2
cristal4,2
cristal5,2
cristal6,2
cristal7,2
cristal8,2
cristal9,2
cristal10,2
cristal11,2
cristal12,2
cristal13,2
cristal14,2
cristal15,2
cristal16,2
cristal17,2
cristal18,2
cristal19,2
cristal20,2
cristal21,2
cristal22,2
cristal23,2
cristal24,2
image_1806.jpg
cristal1,2
cristal2,2
cristal3,2
cristal4,2
cristal5,2
cristal6,2
cristal7,2
cristal8,2
cristal9,2
cristal10,2
cristal11,2
cristal12,2
cristal13,2
cristal14,2
cristal15,2
cristal16,2
cristal17,2
cristal18,2
cristal19,2
cristal20,2
cristal21,2
cristal22,2
cristal23,2
cristal24,2
image_1809.jpg
cristal1,2
cristal2,2
cristal3,2
cristal4,2
cristal5,2
cristal6,2
cristal7,2
cristal8,2
cristal9,2
cristal10,2
cristal11,2
cristal12,2
cristal13,2
cristal14,2
cristal15,2
cristal16,2
image_1818.jpg
cristal1,2
cristal2,2
cristal3,2
cristal4,2
cristal5,2
cristal6,2
cristal7,2
cristal8,2
cristal9,2
cristal10,2
cristal11,2
cristal12,2
cristal13,2
cristal14,2
cristal15,2
cristal16,2
cristal17,2
cristal18,2
image_1822-5.jpg
cristal1,2
image_1822-8.jpg
cristal1,2
cristal2,2
image_1834.jpg
cristal1,2
image_1839.jpg
cristal1,3
