0 0.4979166666666667 0.1046875 0.04375 0.07291666666666667
0 0.6916666666666667 0.334375 0.059895833333333336 0.0984375
0 0.6395833333333333 0.3765625 0.04010416666666667 0.09427083333333333
1 0.35989583333333336 0.8229166666666666 0.0671875 0.11614583333333334
0 0.35520833333333335 0.7140625 0.043229166666666666 0.0765625
0 0.41041666666666665 0.71875 0.04114583333333333 0.05572916666666667
0 0.48385416666666664 0.8515625 0.044270833333333336 0.08385416666666666
0 0.4484375 0.6520833333333333 0.03229166666666667 0.07447916666666667
0 0.48489583333333336 0.6604166666666667 0.044270833333333336 0.08802083333333334
0 0.46770833333333334 0.7364583333333333 0.04010416666666667 0.08333333333333333
0 0.6625 0.7458333333333333 0.05677083333333333 0.07291666666666667
0 0.5369791666666667 0.5833333333333334 0.042708333333333334 0.07395833333333333
0 0.478125 0.31875 0.03333333333333333 0.05416666666666667
1 0.5609375 0.2708333333333333 0.0390625 0.13229166666666667
0 0.6072916666666667 0.2265625 0.04791666666666667 0.09322916666666667
0 0.5057291666666667 0.47552083333333334 0.0359375 0.06822916666666666
1 0.8786458333333333 0.065625 0.07083333333333333 0.11510416666666666
0 0.321875 0.32760416666666664 0.027083333333333334 0.04010416666666667
0 0.7270833333333333 0.8604166666666667 0.05260416666666667 0.07447916666666667
0 0.7744791666666667 0.8109375 0.044270833333333336 0.08854166666666667
0 0.48020833333333335 0.4119791666666667 0.0328125 0.04895833333333333
0 0.12239583333333333 0.20885416666666667 0.033854166666666664 0.049479166666666664
0 0.375 0.6171875 0.03697916666666667 0.05625
0 0.4296875 0.49583333333333335 0.034895833333333334 0.058854166666666666
1 0.3802083333333333 0.36041666666666666 0.07083333333333333 0.10729166666666666
0 0.4296875 0.24114583333333334 0.03333333333333333 0.07604166666666666
0 0.44479166666666664 0.32708333333333334 0.03333333333333333 0.0609375
1 0.353125 0.22916666666666666 0.058333333333333334 0.084375
0 0.8505208333333333 0.8604166666666667 0.06197916666666667 0.109375
0 0.6078125 0.5119791666666667 0.03958333333333333 0.08020833333333334
0 0.4375 0.8182291666666667 0.04375 0.07760416666666667
1 0.36302083333333335 0.04375 0.04583333333333333 0.0859375
0 0.9442708333333333 0.1640625 0.071875 0.08333333333333333
0 0.27291666666666664 0.05416666666666667 0.0375 0.06458333333333334
0 0.1296875 0.7260416666666667 0.034375 0.075
0 0.2765625 0.29791666666666666 0.021875 0.05677083333333333
0 0.2375 0.334375 0.0453125 0.06302083333333333
1 0.2171875 0.15833333333333333 0.07083333333333333 0.09895833333333333
0 0.8598958333333333 0.646875 0.05520833333333333 0.14322916666666666
0 0.365625 0.5572916666666666 0.028645833333333332 0.065625
1 0.32708333333333334 0.4973958333333333 0.058333333333333334 0.0953125
0 0.42291666666666666 0.4317708333333333 0.036458333333333336 0.06510416666666667
0 0.659375 0.8822916666666667 0.0609375 0.0796875
0 0.6515625 0.8166666666666667 0.05520833333333333 0.06875
0 0.39791666666666664 0.6598958333333333 0.053125 0.06041666666666667
0 0.12083333333333333 0.39010416666666664 0.0359375 0.053125