0 0.42864583333333334 0.8640625 0.06979166666666667 0.0953125
0 0.55625 0.29791666666666666 0.06197916666666667 0.09895833333333333
0 0.6567708333333333 0.29375 0.06197916666666667 0.10989583333333333
0 0.6546875 0.5 0.0359375 0.09270833333333334
1 0.6734375 0.4276041666666667 0.08020833333333334 0.09947916666666666
0 0.41041666666666665 0.6526041666666667 0.06927083333333334 0.10885416666666667
0 0.384375 0.27447916666666666 0.058333333333333334 0.078125
0 0.4666666666666667 0.3125 0.05364583333333333 0.08489583333333334
0 0.19791666666666666 0.8229166666666666 0.027083333333333334 0.06770833333333333
0 0.3927083333333333 0.13020833333333334 0.041666666666666664 0.09010416666666667
0 0.49895833333333334 0.16979166666666667 0.07083333333333333 0.08020833333333334
0 0.6557291666666667 0.6651041666666667 0.033854166666666664 0.09375
0 0.575 0.5041666666666667 0.05364583333333333 0.10416666666666667
0 0.3140625 0.4036458333333333 0.040625 0.08489583333333334
0 0.31354166666666666 0.2578125 0.0484375 0.06354166666666666
0 0.3453125 0.475 0.0671875 0.12447916666666667
1 0.3145833333333333 0.68125 0.08333333333333333 0.17395833333333333
1 0.5984375 0.0953125 0.0953125 0.16770833333333332
0 0.4947916666666667 0.050520833333333334 0.0625 0.10104166666666667
0 0.21927083333333333 0.7 0.0484375 0.07708333333333334