0 0.3380208333333333 0.18541666666666667 0.057291666666666664 0.11197916666666667
0 0.6760416666666667 0.1203125 0.07916666666666666 0.11822916666666666
0 0.8322916666666667 0.3848958333333333 0.043229166666666666 0.11041666666666666
0 0.8255208333333334 0.6119791666666666 0.059375 0.11614583333333334
0 0.5578125 0.809375 0.06770833333333333 0.0890625
0 0.23125 0.1765625 0.06041666666666667 0.10833333333333334
0 0.16770833333333332 0.21510416666666668 0.0640625 0.11927083333333334
0 0.25625 0.28229166666666666 0.052083333333333336 0.11666666666666667
0 0.5822916666666667 0.3338541666666667 0.06458333333333334 0.09739583333333333
0 0.8442708333333333 0.20520833333333333 0.050520833333333334 0.09895833333333333
0 0.8208333333333333 0.0515625 0.07083333333333333 0.10260416666666666
0 0.6697916666666667 0.4791666666666667 0.05625 0.12552083333333333
0 0.6953125 0.596875 0.0453125 0.115625
0 0.6796875 0.6791666666666667 0.06510416666666667 0.10677083333333333
0 0.4234375 0.9385416666666667 0.059895833333333336 0.103125
0 0.049479166666666664 0.7182291666666667 0.0390625 0.09583333333333334
0 0.0578125 0.3567708333333333 0.036458333333333336 0.0875
0 0.15572916666666667 0.3703125 0.078125 0.06979166666666667
0 0.7489583333333333 0.8989583333333333 0.0640625 0.10104166666666667
0 0.6020833333333333 0.21822916666666667 0.052083333333333336 0.09947916666666666
1 0.5671875 0.17083333333333334 0.071875 0.08645833333333333
0 0.0375 0.24635416666666668 0.03333333333333333 0.10364583333333334
0 0.5953125 0.9213541666666667 0.053125 0.07291666666666667
0 0.9567708333333333 0.7229166666666667 0.06145833333333333 0.10572916666666667
0 0.2 0.8677083333333333 0.059895833333333336 0.11354166666666667
1 0.25677083333333334 0.6421875 0.0578125 0.10260416666666666
0 0.5864583333333333 0.6354166666666666 0.05572916666666667 0.0890625
0 0.5833333333333334 0.5140625 0.05364583333333333 0.11770833333333333
0 0.36666666666666664 0.290625 0.0734375 0.12604166666666666
0 0.3807291666666667 0.7401041666666667 0.0609375 0.0953125
0 0.8880208333333334 0.765625 0.07395833333333333 0.09427083333333333
0 0.9776041666666667 0.6369791666666667 0.04479166666666667 0.1
0 0.10052083333333334 0.9109375 0.046875 0.06979166666666667
0 0.06614583333333333 0.8307291666666666 0.059375 0.09791666666666667
0 0.034895833333333334 0.4015625 0.057291666666666664 0.10729166666666666
0 0.40520833333333334 0.6177083333333333 0.03697916666666667 0.090625
0 0.328125 0.5067708333333333 0.03697916666666667 0.065625
0 0.8510416666666667 0.846875 0.06041666666666667 0.08645833333333333
0 0.46927083333333336 0.30833333333333335 0.0546875 0.10208333333333333
0 0.14739583333333334 0.809375 0.051041666666666666 0.08489583333333334
0 0.14270833333333333 0.940625 0.04583333333333333 0.06666666666666667
0 0.3463541666666667 0.8130208333333333 0.06979166666666667 0.11822916666666666
0 0.8822916666666667 0.6927083333333334 0.03802083333333333 0.06666666666666667
0 0.5203125 0.9427083333333334 0.0609375 0.07083333333333333
0 0.08177083333333333 0.2708333333333333 0.05572916666666667 0.09010416666666667
0 0.5197916666666667 0.44635416666666666 0.05572916666666667 0.12916666666666668
1 0.7307291666666667 0.2989583333333333 0.10364583333333334 0.12447916666666667
0 0.5729166666666666 0.6963541666666667 0.06197916666666667 0.1234375