0 0.53125 0.35 0.0375 0.0515625
0 0.8026041666666667 0.6885416666666667 0.03229166666666667 0.0625
0 0.7921875 0.5046875 0.0296875 0.050520833333333334
0 0.5182291666666666 0.5583333333333333 0.044270833333333336 0.04635416666666667
0 0.6098958333333333 0.4942708333333333 0.034375 0.05520833333333333
0 0.33177083333333335 0.59375 0.036458333333333336 0.03958333333333333
0 0.36614583333333334 0.6994791666666667 0.03229166666666667 0.051041666666666666
0 0.93125 0.4140625 0.029166666666666667 0.057291666666666664
0 0.2598958333333333 0.08645833333333333 0.030208333333333334 0.05416666666666667
0 0.19739583333333333 0.07447916666666667 0.028125 0.04895833333333333
0 0.22083333333333333 0.058854166666666666 0.029166666666666667 0.051041666666666666
0 0.15989583333333332 0.371875 0.028125 0.04739583333333333
0 0.0828125 0.7572916666666667 0.0359375 0.059375
0 0.07760416666666667 0.6828125 0.03229166666666667 0.051041666666666666
0 0.04739583333333333 0.6484375 0.0359375 0.05260416666666667
0 0.2703125 0.9796875 0.023958333333333335 0.040625
0 0.4239583333333333 0.403125 0.025 0.04635416666666667
0 0.4322916666666667 0.6328125 0.033854166666666664 0.04739583333333333
0 0.28229166666666666 0.6135416666666667 0.030729166666666665 0.049479166666666664
0 0.3078125 0.6994791666666667 0.030208333333333334 0.05416666666666667
0 0.371875 0.44635416666666666 0.0296875 0.04791666666666667
0 0.28802083333333334 0.4015625 0.019791666666666666 0.043229166666666666
0 0.128125 0.2515625 0.033854166666666664 0.065625
1 0.721875 0.49322916666666666 0.07239583333333334 0.09791666666666667
1 0.03697916666666667 0.8651041666666667 0.04479166666666667 0.06302083333333333
1 0.05260416666666667 0.571875 0.04010416666666667 0.06927083333333334
0 0.26614583333333336 0.7979166666666667 0.034375 0.051041666666666666
0 0.24895833333333334 0.8671875 0.03333333333333333 0.0453125
0 0.18125 0.8291666666666667 0.029166666666666667 0.06197916666666667
0 0.21822916666666667 0.71875 0.026041666666666668 0.041666666666666664
0 0.2015625 0.60625 0.028125 0.0453125
0 0.25104166666666666 0.5447916666666667 0.022395833333333334 0.034375
0 0.2890625 0.5192708333333333 0.021875 0.0421875
0 0.23489583333333333 0.45989583333333334 0.026041666666666668 0.0421875
0 0.9385416666666667 0.15885416666666666 0.021354166666666667 0.03958333333333333
0 0.8625 0.27291666666666664 0.018229166666666668 0.03802083333333333
0 0.340625 0.4119791666666667 0.03125 0.05
0 0.0984375 0.09947916666666666 0.04010416666666667 0.07708333333333334
1 0.0828125 0.27291666666666664 0.046875 0.1015625
0 0.95 0.5447916666666667 0.0375 0.06354166666666666
0 0.9567708333333333 0.4984375 0.030729166666666665 0.052083333333333336
0 0.24479166666666666 0.7432291666666667 0.0203125 0.042708333333333334
0 0.24479166666666666 0.7010416666666667 0.022916666666666665 0.05416666666666667
0 0.8494791666666667 0.16979166666666667 0.03229166666666667 0.07291666666666667
0 0.21614583333333334 0.7640625 0.0265625 0.034895833333333334
1 0.0875 0.3828125 0.04010416666666667 0.09270833333333334
1 0.14010416666666667 0.525 0.057291666666666664 0.06927083333333334
1 0.1359375 0.7161458333333334 0.06666666666666667 0.0703125
0 0.11927083333333334 0.8046875 0.0234375 0.040625
0 0.13385416666666666 0.8171875 0.029166666666666667 0.04635416666666667
1 0.7734375 0.3015625 0.071875 0.0484375
1 0.6864583333333333 0.30416666666666664 0.059895833333333336 0.07447916666666667