0 0.8192708333333333 0.4317708333333333 0.05416666666666667 0.08697916666666666
0 0.49322916666666666 0.365625 0.030729166666666665 0.051041666666666666
0 0.4328125 0.3536458333333333 0.0296875 0.058854166666666666
1 0.08489583333333334 0.23072916666666668 0.04739583333333333 0.059375
0 0.3859375 0.1515625 0.016666666666666666 0.04635416666666667
0 0.3614583333333333 0.18541666666666667 0.027604166666666666 0.053125
0 0.6291666666666667 0.7890625 0.058333333333333334 0.10416666666666667
0 0.5072916666666667 0.44895833333333335 0.03697916666666667 0.0609375
0 0.1984375 0.378125 0.03177083333333333 0.058854166666666666
0 0.6692708333333334 0.8057291666666667 0.049479166666666664 0.09635416666666667
0 0.20885416666666667 0.4546875 0.03177083333333333 0.0546875
0 0.49166666666666664 0.0984375 0.028645833333333332 0.04635416666666667
0 0.5489583333333333 0.13541666666666666 0.023958333333333335 0.03854166666666667
0 0.8078125 0.5557291666666667 0.0640625 0.10572916666666667
0 0.5265625 0.08697916666666666 0.0203125 0.036458333333333336
0 0.9619791666666667 0.3921875 0.043229166666666666 0.06979166666666667
0 0.30104166666666665 0.3494791666666667 0.028125 0.052083333333333336
0 0.7375 0.24791666666666667 0.027083333333333334 0.04895833333333333
0 0.3145833333333333 0.1046875 0.0234375 0.0421875
0 0.41458333333333336 0.7208333333333333 0.04791666666666667 0.08125
0 0.5828125 0.06458333333333334 0.01875 0.036458333333333336
0 0.44479166666666664 0.17864583333333334 0.020833333333333332 0.04479166666666667
0 0.221875 0.2703125 0.018229166666666668 0.041666666666666664
0 0.5911458333333334 0.8572916666666667 0.042708333333333334 0.07291666666666667
0 0.6859375 0.63125 0.04479166666666667 0.08645833333333333
0 0.6333333333333333 0.5479166666666667 0.05416666666666667 0.0953125
0 0.7442708333333333 0.7239583333333334 0.0515625 0.09270833333333334
0 0.35520833333333335 0.30572916666666666 0.022916666666666665 0.041666666666666664
0 0.40572916666666664 0.38645833333333335 0.022916666666666665 0.041666666666666664
0 0.2755208333333333 0.2989583333333333 0.019270833333333334 0.05364583333333333
0 0.3463541666666667 0.709375 0.04739583333333333 0.07864583333333333
0 0.3255208333333333 0.5119791666666667 0.03333333333333333 0.057291666666666664
0 0.46510416666666665 0.23229166666666667 0.03125 0.05364583333333333
0 0.7171875 0.18645833333333334 0.0265625 0.04583333333333333
0 0.6776041666666667 0.09427083333333333 0.01875 0.036458333333333336
0 0.3307291666666667 0.30833333333333335 0.025520833333333333 0.03802083333333333
0 0.2921875 0.175 0.023958333333333335 0.04010416666666667
0 0.9541666666666667 0.49375 0.046875 0.08020833333333334
0 0.5526041666666667 0.19583333333333333 0.027083333333333334 0.040625
0 0.46041666666666664 0.3796875 0.027604166666666666 0.044270833333333336
0 0.3458333333333333 0.4114583333333333 0.03697916666666667 0.06145833333333333
0 0.09010416666666667 0.07395833333333333 0.022916666666666665 0.040625
0 0.5015625 0.6020833333333333 0.04010416666666667 0.08333333333333333
0 0.12760416666666666 0.08489583333333334 0.020833333333333332 0.03802083333333333
0 0.7208333333333333 0.6338541666666667 0.041666666666666664 0.08697916666666666
0 0.3140625 0.1640625 0.022395833333333334 0.0375
0 0.34791666666666665 0.6213541666666667 0.052083333333333336 0.09270833333333334
0 0.38697916666666665 0.30625 0.0265625 0.04895833333333333
0 0.48802083333333335 0.24583333333333332 0.025520833333333333 0.053125
0 0.04583333333333333 0.4166666666666667 0.03229166666666667 0.059895833333333336
0 0.39947916666666666 0.3229166666666667 0.027604166666666666 0.050520833333333334
0 0.33645833333333336 0.4703125 0.0359375 0.0640625
0 0.043229166666666666 0.234375 0.021354166666666667 0.04583333333333333
0 0.7052083333333333 0.22916666666666666 0.016145833333333335 0.03125
0 0.4583333333333333 0.0296875 0.018229166666666668 0.03333333333333333
0 0.228125 0.128125 0.027083333333333334 0.04635416666666667
0 0.11927083333333334 0.3260416666666667 0.03229166666666667 0.058854166666666666
0 0.13541666666666666 0.8109375 0.0546875 0.09427083333333333
0 0.40208333333333335 0.5229166666666667 0.040625 0.07864583333333333
0 0.425 0.43854166666666666 0.018229166666666668 0.03177083333333333
0 0.2734375 0.4984375 0.0453125 0.071875
0 0.375 0.3651041666666667 0.022395833333333334 0.043229166666666666
0 0.38177083333333334 0.8114583333333333 0.050520833333333334 0.06666666666666667
0 0.8796875 0.28229166666666666 0.030208333333333334 0.057291666666666664
1 0.08072916666666667 0.11770833333333333 0.030208333333333334 0.05625
0 0.6411458333333333 0.37395833333333334 0.04583333333333333 0.04791666666666667
0 0.8072916666666666 0.6791666666666667 0.07552083333333333 0.11302083333333333
1 0.2755208333333333 0.8442708333333333 0.053125 0.11145833333333334
0 0.1640625 0.06770833333333333 0.016145833333333335 0.029166666666666667
0 0.5526041666666667 0.8380208333333333 0.051041666666666666 0.09270833333333334
1 0.846875 0.28229166666666666 0.033854166666666664 0.07083333333333333
0 0.2375 0.22083333333333333 0.022916666666666665 0.04114583333333333
0 0.259375 0.2171875 0.027083333333333334 0.041666666666666664
0 0.7390625 0.4630208333333333 0.03333333333333333 0.04479166666666667
0 0.265625 0.34479166666666666 0.027083333333333334 0.03958333333333333
0 0.2515625 0.35625 0.020833333333333332 0.0625
0 0.7421875 0.33541666666666664 0.04583333333333333 0.04375
1 0.8354166666666667 0.1515625 0.05260416666666667 0.0890625
1 0.946875 0.134375 0.09322916666666667 0.1640625
0 0.840625 0.058333333333333334 0.028645833333333332 0.0328125
0 0.9869791666666666 0.08854166666666667 0.019791666666666666 0.0421875
0 0.9260416666666667 0.024479166666666666 0.019270833333333334 0.035416666666666666
0 0.6223958333333334 0.06302083333333333 0.028645833333333332 0.0328125
0 0.4005208333333333 0.1015625 0.0171875 0.0265625
0 0.2359375 0.09895833333333333 0.020833333333333332 0.0421875
0 0.15833333333333333 0.3265625 0.0203125 0.050520833333333334
1 0.18958333333333333 0.28802083333333334 0.0390625 0.10364583333333334
1 0.4786458333333333 0.9276041666666667 0.08802083333333334 0.0875
1 0.5010416666666667 0.775 0.05260416666666667 0.2046875