0 0.14270833333333333 0.6026041666666667 0.05625 0.11614583333333334
0 0.9484375 0.5671875 0.103125 0.16145833333333334
1 0.7447916666666666 0.8322916666666667 0.059895833333333336 0.1703125
0 0.0734375 0.9088541666666666 0.0703125 0.08697916666666666
0 0.37916666666666665 0.5203125 0.07291666666666667 0.11197916666666667
0 0.03125 0.4666666666666667 0.041666666666666664 0.08854166666666667
0 0.8984375 0.19375 0.11979166666666667 0.16822916666666668
0 0.021875 0.090625 0.03333333333333333 0.057291666666666664
0 0.490625 0.2520833333333333 0.06041666666666667 0.096875
0 0.49166666666666664 0.39427083333333335 0.06510416666666667 0.10989583333333333
1 0.6442708333333333 0.5291666666666667 0.1203125 0.10885416666666667
1 0.6697916666666667 0.4109375 0.08229166666666667 0.1140625
1 0.5916666666666667 0.6755208333333333 0.05520833333333333 0.12760416666666666
0 0.6463541666666667 0.6401041666666667 0.04583333333333333 0.10572916666666667
0 0.4479166666666667 0.046875 0.06666666666666667 0.09375
1 0.3958333333333333 0.8067708333333333 0.09895833333333333 0.10729166666666666
1 0.4557291666666667 0.653125 0.06145833333333333 0.09479166666666666
0 0.66875 0.296875 0.05625 0.10625
0 0.24947916666666667 0.65625 0.06927083333333334 0.10052083333333334
0 0.26197916666666665 0.334375 0.040625 0.10625
0 0.321875 0.23489583333333333 0.07083333333333333 0.09947916666666666
0 0.359375 0.34322916666666664 0.0546875 0.12708333333333333
0 0.3171875 0.509375 0.06510416666666667 0.09322916666666667
0 0.23072916666666668 0.5130208333333334 0.078125 0.140625
0 0.2734375 0.4244791666666667 0.050520833333333334 0.11927083333333334
0 0.33229166666666665 0.8411458333333334 0.0734375 0.11875
0 0.3567708333333333 0.6734375 0.0671875 0.09114583333333333
0 0.21875 0.29739583333333336 0.0546875 0.11302083333333333