0 0.0890625 0.5942708333333333 0.115625 0.22916666666666666
0 0.09739583333333333 0.24375 0.09322916666666667 0.1765625
0 0.25729166666666664 0.5875 0.12447916666666667 0.19375
0 0.6307291666666667 0.775 0.08697916666666666 0.209375
0 0.5989583333333334 0.61875 0.1171875 0.18958333333333333
0 0.5984375 0.20208333333333334 0.10729166666666666 0.17760416666666667
0 0.640625 0.434375 0.10260416666666666 0.16458333333333333
0 0.8572916666666667 0.4239583333333333 0.12291666666666666 0.2109375
0 0.7729166666666667 0.43125 0.09375 0.103125
0 0.9770833333333333 0.5854166666666667 0.04583333333333333 0.14479166666666668
0 0.4578125 0.2864583333333333 0.09895833333333333 0.16197916666666667
0 0.5286458333333334 0.49895833333333334 0.051041666666666666 0.14270833333333333
0 0.5401041666666667 0.35625 0.0984375 0.10885416666666667
0 0.4427083333333333 0.5640625 0.1171875 0.13697916666666668
0 0.7994791666666666 0.2708333333333333 0.09635416666666667 0.17135416666666667
0 0.8833333333333333 0.3104166666666667 0.07135416666666666 0.14375
0 0.9526041666666667 0.4427083333333333 0.09479166666666666 0.14427083333333332
0 0.22708333333333333 0.23385416666666667 0.11822916666666666 0.21302083333333333