0 0.6328125 0.90625 0.11145833333333334 0.1421875
0 0.471875 0.5859375 0.10208333333333333 0.1015625
0 0.6296875 0.39375 0.0609375 0.11354166666666667
1 0.50625 0.9416666666666667 0.10833333333333334 0.109375
0 0.6786458333333333 0.16875 0.06770833333333333 0.09270833333333334
1 0.690625 0.06197916666666667 0.06666666666666667 0.11666666666666667
0 0.36666666666666664 0.34010416666666665 0.0875 0.12135416666666667
0 0.15416666666666667 0.078125 0.059895833333333336 0.075
0 0.2828125 0.16197916666666667 0.04010416666666667 0.07604166666666666
0 0.24270833333333333 0.17552083333333332 0.052083333333333336 0.08489583333333334
0 0.26666666666666666 0.3515625 0.041666666666666664 0.12135416666666667
0 0.2765625 0.24739583333333334 0.043229166666666666 0.0765625
0 0.2234375 0.8776041666666666 0.12447916666666667 0.15885416666666666
1 0.5901041666666667 0.603125 0.0828125 0.16197916666666667
1 0.5651041666666666 0.7192708333333333 0.103125 0.20208333333333334