0 0.165625 0.1859375 0.06458333333333334 0.11979166666666667
0 0.023958333333333335 0.5588541666666667 0.04739583333333333 0.08802083333333334
0 0.6869791666666667 0.21197916666666666 0.05520833333333333 0.10364583333333334
0 0.7671875 0.525 0.03958333333333333 0.08020833333333334
0 0.7088541666666667 0.7989583333333333 0.035416666666666666 0.06666666666666667
1 0.29791666666666666 0.18177083333333333 0.0890625 0.109375
0 0.7885416666666667 0.8171875 0.049479166666666664 0.07395833333333333
0 0.3854166666666667 0.0578125 0.08072916666666667 0.11197916666666667
0 0.7427083333333333 0.84375 0.034375 0.06979166666666667
0 0.9609375 0.7927083333333333 0.0421875 0.06822916666666666
1 0.921875 0.8640625 0.06458333333333334 0.09322916666666667
0 0.24635416666666668 0.796875 0.0359375 0.06197916666666667
0 0.184375 0.9333333333333333 0.058854166666666666 0.08385416666666666
0 0.2708333333333333 0.7385416666666667 0.033854166666666664 0.05625
0 0.21927083333333333 0.725 0.0515625 0.06927083333333334
0 0.7880208333333333 0.23697916666666666 0.04635416666666667 0.0796875
0 0.6276041666666666 0.19166666666666668 0.05572916666666667 0.08645833333333333
0 0.8604166666666667 0.5171875 0.052083333333333336 0.06041666666666667
0 0.6489583333333333 0.47291666666666665 0.049479166666666664 0.10052083333333334
0 0.036458333333333336 0.7822916666666667 0.03802083333333333 0.08020833333333334
0 0.019791666666666666 0.9739583333333334 0.03333333333333333 0.052083333333333336
0 0.8364583333333333 0.8307291666666666 0.034375 0.0640625
0 0.8348958333333333 0.7619791666666667 0.0546875 0.065625