0 0.23541666666666666 0.3458333333333333 0.07083333333333333 0.10677083333333333
0 0.0890625 0.7979166666666667 0.0734375 0.12239583333333333
0 0.1046875 0.471875 0.0734375 0.1328125
0 0.1765625 0.5005208333333333 0.06197916666666667 0.09427083333333333
0 0.1828125 0.575 0.06770833333333333 0.09479166666666666
0 0.6713541666666667 0.8677083333333333 0.046875 0.07604166666666666
0 0.5484375 0.6098958333333333 0.03177083333333333 0.06458333333333334
0 0.6729166666666667 0.5770833333333333 0.0484375 0.09479166666666666
0 0.9385416666666667 0.38958333333333334 0.04583333333333333 0.06458333333333334
0 0.7171875 0.2828125 0.06145833333333333 0.0953125
0 0.8848958333333333 0.44895833333333335 0.040625 0.07552083333333333
0 0.9197916666666667 0.8177083333333334 0.03958333333333333 0.09791666666666667
0 0.7552083333333334 0.6875 0.04791666666666667 0.075
0 0.5119791666666667 0.10104166666666667 0.057291666666666664 0.0953125
0 0.36770833333333336 0.2953125 0.052083333333333336 0.0875
0 0.3109375 0.2833333333333333 0.057291666666666664 0.10364583333333334
0 0.35572916666666665 0.0296875 0.059375 0.059375
0 0.4427083333333333 0.0234375 0.05625 0.046875
0 0.5947916666666667 0.6630208333333333 0.052083333333333336 0.10364583333333334
0 0.6916666666666667 0.7291666666666666 0.0421875 0.07291666666666667
0 0.9338541666666667 0.9692708333333333 0.04479166666666667 0.0609375