0 0.76875 0.33489583333333334 0.035416666666666666 0.06614583333333333
0 0.9114583333333334 0.5760416666666667 0.028645833333333332 0.06302083333333333
0 0.95 0.6317708333333333 0.029166666666666667 0.06354166666666666
0 0.5520833333333334 0.13854166666666667 0.029166666666666667 0.058333333333333334
0 0.4973958333333333 0.29375 0.033854166666666664 0.05364583333333333
0 0.4635416666666667 0.4661458333333333 0.035416666666666666 0.06197916666666667
0 0.40572916666666664 0.6098958333333333 0.03802083333333333 0.07552083333333333
0 0.08072916666666667 0.771875 0.03177083333333333 0.0515625
0 0.027604166666666666 0.7166666666666667 0.028125 0.03697916666666667
0 0.7145833333333333 0.5859375 0.025 0.06197916666666667
0 0.6520833333333333 0.6015625 0.028645833333333332 0.049479166666666664
0 0.6833333333333333 0.5760416666666667 0.024479166666666666 0.049479166666666664
0 0.6875 0.6234375 0.0265625 0.03854166666666667
1 0.8697916666666666 0.8208333333333333 0.050520833333333334 0.06041666666666667
0 0.34739583333333335 0.12916666666666668 0.028125 0.04895833333333333
0 0.3026041666666667 0.14114583333333333 0.027083333333333334 0.04583333333333333
1 0.1171875 0.5520833333333334 0.025520833333333333 0.06354166666666666
1 0.06875 0.5484375 0.034895833333333334 0.08333333333333333
0 0.5395833333333333 0.5677083333333334 0.03177083333333333 0.058854166666666666
1 0.58125 0.6015625 0.043229166666666666 0.049479166666666664
0 0.9875 0.8140625 0.025 0.059375
0 0.47604166666666664 0.6270833333333333 0.028125 0.071875
0 0.5739583333333333 0.9619791666666667 0.04010416666666667 0.06145833333333333
0 0.2526041666666667 0.8161458333333333 0.033854166666666664 0.0625
0 0.22135416666666666 0.43333333333333335 0.03697916666666667 0.05625
0 0.8109375 0.7640625 0.0484375 0.07916666666666666
0 0.3067708333333333 0.05572916666666667 0.030208333333333334 0.09270833333333334
0 0.35572916666666665 0.030729166666666665 0.03229166666666667 0.06145833333333333
0 0.425 0.027604166666666666 0.030208333333333334 0.04583333333333333
0 0.990625 0.08385416666666666 0.018229166666666668 0.06979166666666667
0 0.8333333333333334 0.109375 0.022916666666666665 0.04635416666666667
0 0.80625 0.1171875 0.025520833333333333 0.0375
1 0.5145833333333333 0.7255208333333333 0.07291666666666667 0.09375