0 0.7296875 0.3229166666666667 0.0390625 0.06458333333333334
0 0.784375 0.475 0.0390625 0.07604166666666666
0 0.2890625 0.2546875 0.028645833333333332 0.04583333333333333
0 0.3854166666666667 0.25052083333333336 0.028645833333333332 0.04114583333333333
0 0.5333333333333333 0.615625 0.05 0.08697916666666666
0 0.5442708333333334 0.5333333333333333 0.05572916666666667 0.07760416666666667
0 0.5052083333333334 0.7166666666666667 0.03802083333333333 0.10364583333333334
0 0.23385416666666667 0.4171875 0.03854166666666667 0.07135416666666666
0 0.10364583333333334 0.7729166666666667 0.0421875 0.06875
0 0.17291666666666666 0.66875 0.03958333333333333 0.08958333333333333
0 0.14635416666666667 0.7036458333333333 0.046875 0.06979166666666667
0 0.2140625 0.6197916666666666 0.036458333333333336 0.08072916666666667
0 0.26510416666666664 0.6583333333333333 0.03697916666666667 0.07291666666666667
0 0.2703125 0.5411458333333333 0.0359375 0.052083333333333336
0 0.29739583333333336 0.578125 0.034375 0.05625
0 0.30625 0.5286458333333334 0.034895833333333334 0.06770833333333333
0 0.7333333333333333 0.41458333333333336 0.03802083333333333 0.07395833333333333
0 0.8067708333333333 0.31302083333333336 0.023958333333333335 0.07083333333333333
0 0.69375 0.21354166666666666 0.03125 0.059895833333333336
1 0.027083333333333334 0.7619791666666667 0.05416666666666667 0.1234375
1 0.4265625 0.6942708333333333 0.08177083333333333 0.07708333333333334
0 0.6453125 0.6427083333333333 0.051041666666666666 0.096875
1 0.13333333333333333 0.4552083333333333 0.05677083333333333 0.058333333333333334
0 0.6072916666666667 0.36041666666666666 0.035416666666666666 0.0578125
1 0.603125 0.28489583333333335 0.058854166666666666 0.06614583333333333
1 0.5145833333333333 0.39114583333333336 0.033854166666666664 0.053125
0 0.5192708333333333 0.4453125 0.04479166666666667 0.07552083333333333
0 0.9322916666666666 0.5880208333333333 0.05520833333333333 0.059895833333333336
0 0.859375 0.5661458333333333 0.03854166666666667 0.07604166666666666
0 0.9078125 0.525 0.028645833333333332 0.06666666666666667
0 0.9526041666666667 0.48020833333333335 0.057291666666666664 0.06145833333333333
0 0.8828125 0.26614583333333336 0.03229166666666667 0.0515625
0 0.7942708333333334 0.18125 0.03333333333333333 0.06041666666666667
0 0.35052083333333334 0.7598958333333333 0.040625 0.0671875
0 0.23697916666666666 0.7083333333333334 0.0375 0.07239583333333334
0 0.30364583333333334 0.7010416666666667 0.042708333333333334 0.07708333333333334
0 0.19791666666666666 0.46979166666666666 0.034375 0.05520833333333333
0 0.29010416666666666 0.0890625 0.019791666666666666 0.03854166666666667
0 0.5208333333333334 0.028645833333333332 0.023958333333333335 0.0515625
0 0.74375 0.49322916666666666 0.0375 0.075
0 0.6578125 0.496875 0.04010416666666667 0.0765625
0 0.6755208333333333 0.559375 0.0359375 0.078125
0 0.3953125 0.07916666666666666 0.018229166666666668 0.03697916666666667
0 0.346875 0.08072916666666667 0.015104166666666667 0.029166666666666667
0 0.9026041666666667 0.6927083333333334 0.05 0.078125
0 0.07083333333333333 0.9197916666666667 0.03802083333333333 0.0796875
0 0.030729166666666665 0.6135416666666667 0.033854166666666664 0.058854166666666666
0 0.07083333333333333 0.3541666666666667 0.0265625 0.05625
1 0.15260416666666668 0.13125 0.024479166666666666 0.04739583333333333
0 0.17239583333333333 0.159375 0.024479166666666666 0.04375
1 0.10989583333333333 0.24270833333333333 0.03697916666666667 0.053125
0 0.4473958333333333 0.7802083333333333 0.04895833333333333 0.09270833333333334
0 0.9479166666666666 0.278125 0.03333333333333333 0.058333333333333334
0 0.9536458333333333 0.22395833333333334 0.026041666666666668 0.05260416666666667
0 0.9119791666666667 0.2994791666666667 0.034895833333333334 0.05625
0 0.33229166666666665 0.3494791666666667 0.030729166666666665 0.0546875
0 0.3958333333333333 0.3229166666666667 0.03177083333333333 0.0453125
1 0.10416666666666667 0.13958333333333334 0.034895833333333334 0.065625
0 0.38333333333333336 0.18645833333333334 0.030208333333333334 0.041666666666666664
0 0.5739583333333333 0.33645833333333336 0.025520833333333333 0.04739583333333333
0 0.4276041666666667 0.6177083333333333 0.036458333333333336 0.053125
0 0.6005208333333333 0.6244791666666667 0.04375 0.0765625
0 0.5572916666666666 0.7734375 0.04375 0.07916666666666666
0 0.7333333333333333 0.7036458333333333 0.0640625 0.12291666666666666
0 0.29270833333333335 0.35104166666666664 0.033854166666666664 0.052083333333333336
0 0.3234375 0.2515625 0.029166666666666667 0.05572916666666667
0 0.07552083333333333 0.6953125 0.06354166666666666 0.07135416666666666
0 0.7614583333333333 0.20416666666666666 0.033854166666666664 0.05677083333333333
0 0.8744791666666667 0.31875 0.03229166666666667 0.05364583333333333