0 0.6817708333333333 0.6791666666666667 0.0390625 0.09895833333333333
0 0.4390625 0.10052083333333334 0.051041666666666666 0.096875
0 0.4875 0.078125 0.05572916666666667 0.0890625
0 0.5640625 0.3125 0.051041666666666666 0.058333333333333334
0 0.5473958333333333 0.54375 0.04739583333333333 0.0734375
0 0.30885416666666665 0.9036458333333334 0.044270833333333336 0.09270833333333334
0 0.7901041666666667 0.9526041666666667 0.049479166666666664 0.0828125
0 0.6598958333333333 0.10625 0.03802083333333333 0.09114583333333333
0 0.475 0.7942708333333334 0.05364583333333333 0.08177083333333333
0 0.6921875 0.25364583333333335 0.033854166666666664 0.08177083333333333
0 0.471875 0.5697916666666667 0.052083333333333336 0.09739583333333333
0 0.7567708333333333 0.1515625 0.0390625 0.08177083333333333
0 0.7973958333333333 0.475 0.03854166666666667 0.07291666666666667
0 0.9817708333333334 0.8984375 0.03333333333333333 0.05520833333333333
0 0.88125 0.6458333333333334 0.041666666666666664 0.0640625
0 0.921875 0.6494791666666667 0.040625 0.06197916666666667
0 0.965625 0.39791666666666664 0.0375 0.06458333333333334
0 0.9177083333333333 0.428125 0.04114583333333333 0.06927083333333334
0 0.7307291666666667 0.321875 0.0359375 0.07135416666666666
0 0.8864583333333333 0.7770833333333333 0.040625 0.06614583333333333
0 0.35989583333333336 0.48125 0.0484375 0.0875
0 0.8953125 0.21458333333333332 0.030208333333333334 0.06666666666666667
0 0.9234375 0.19947916666666668 0.028645833333333332 0.0578125
0 0.9578125 0.16458333333333333 0.025520833333333333 0.04791666666666667
0 0.8541666666666666 0.8203125 0.03333333333333333 0.058854166666666666
0 0.8453125 0.7598958333333333 0.0390625 0.0609375
1 0.1453125 0.5463541666666667 0.06510416666666667 0.096875
0 0.5541666666666667 0.828125 0.035416666666666666 0.0671875
0 0.9791666666666666 0.8140625 0.033854166666666664 0.0609375
0 0.9755208333333333 0.7598958333333333 0.030208333333333334 0.04895833333333333
0 0.5802083333333333 0.865625 0.04114583333333333 0.06145833333333333
0 0.86875 0.3265625 0.03333333333333333 0.057291666666666664
0 0.044270833333333336 0.53125 0.06354166666666666 0.10677083333333333
0 0.7067708333333333 0.3703125 0.050520833333333334 0.09583333333333334
0 0.8916666666666667 0.31197916666666664 0.03802083333333333 0.06458333333333334
0 0.5401041666666667 0.38229166666666664 0.046875 0.05625
0 0.5822916666666667 0.4088541666666667 0.04739583333333333 0.07708333333333334
0 0.5604166666666667 0.446875 0.05260416666666667 0.07395833333333333
0 0.4010416666666667 0.45729166666666665 0.04739583333333333 0.090625
0 0.41354166666666664 0.371875 0.050520833333333334 0.09114583333333333