0 0.6005208333333333 0.4083333333333333 0.058854166666666666 0.10520833333333333
0 0.5359375 0.6192708333333333 0.0859375 0.15
1 0.4348958333333333 0.4479166666666667 0.13020833333333334 0.26614583333333336
0 0.31927083333333334 0.5046875 0.11510416666666666 0.22395833333333334
0 0.3703125 0.071875 0.08854166666666667 0.13333333333333333
1 0.8942708333333333 0.1234375 0.1140625 0.246875
0 0.49375 0.24010416666666667 0.12291666666666666 0.1171875
0 0.8854166666666666 0.35104166666666664 0.04791666666666667 0.13177083333333334
0 0.4348958333333333 0.0671875 0.034895833333333334 0.04583333333333333
0 0.17760416666666667 0.07760416666666667 0.05677083333333333 0.125
0 0.23958333333333334 0.27708333333333335 0.08854166666666667 0.16041666666666668
0 0.19322916666666667 0.3963541666666667 0.06614583333333333 0.19114583333333332
0 0.5067708333333333 0.08854166666666667 0.10104166666666667 0.17708333333333334
0 0.2296875 0.8572916666666667 0.13385416666666666 0.19114583333333332