0 0.7479166666666667 0.8557291666666667 0.04791666666666667 0.0703125
0 0.6359375 0.7130208333333333 0.05520833333333333 0.08958333333333333
0 0.38645833333333335 0.9307291666666667 0.04583333333333333 0.08697916666666666
0 0.2375 0.9635416666666666 0.05416666666666667 0.06822916666666666
0 0.14270833333333333 0.7421875 0.05572916666666667 0.08125
0 0.22760416666666666 0.4583333333333333 0.05520833333333333 0.0875
0 0.4546875 0.20729166666666668 0.07447916666666667 0.14427083333333332
0 0.9239583333333333 0.8802083333333334 0.04010416666666667 0.06770833333333333
0 0.9625 0.7755208333333333 0.04583333333333333 0.0765625
0 0.9453125 0.6822916666666666 0.04895833333333333 0.090625
0 0.7682291666666666 0.17604166666666668 0.07447916666666667 0.12604166666666666
0 0.165625 0.5713541666666667 0.05572916666666667 0.08385416666666666
0 0.11510416666666666 0.615625 0.0484375 0.07604166666666666
0 0.2557291666666667 0.7145833333333333 0.03802083333333333 0.0625
0 0.06458333333333334 0.6192708333333333 0.04375 0.0640625
0 0.08489583333333334 0.4859375 0.04635416666666667 0.06875
0 0.35833333333333334 0.16875 0.06927083333333334 0.1109375
0 0.013020833333333334 0.553125 0.026041666666666668 0.06875
0 0.05260416666666667 0.5541666666666667 0.040625 0.0640625
0 0.07604166666666666 0.35 0.03958333333333333 0.06302083333333333
0 0.10104166666666667 0.39479166666666665 0.0390625 0.06354166666666666
0 0.13125 0.4276041666666667 0.03958333333333333 0.0625
0 0.18177083333333333 0.31197916666666664 0.059375 0.09375
0 0.8239583333333333 0.7541666666666667 0.04114583333333333 0.05625
0 0.8473958333333333 0.7953125 0.03854166666666667 0.0578125
0 0.8828125 0.7651041666666667 0.040625 0.05625
0 0.640625 0.6286458333333333 0.03333333333333333 0.07552083333333333
0 0.675 0.6427083333333333 0.0390625 0.0671875
0 0.3651041666666667 0.5942708333333333 0.05677083333333333 0.06979166666666667
1 0.259375 0.2598958333333333 0.08177083333333333 0.10833333333333334
0 0.3390625 0.2625 0.0671875 0.08020833333333334
1 0.30104166666666665 0.6526041666666667 0.0796875 0.071875
0 0.8744791666666667 0.6640625 0.04479166666666667 0.07395833333333333
0 0.8979166666666667 0.6979166666666666 0.04375 0.08333333333333333
0 0.2265625 0.6635416666666667 0.05520833333333333 0.10520833333333333
0 0.5598958333333334 0.06822916666666666 0.08125 0.1359375