0 0.796875 0.540625 0.09635416666666667 0.17708333333333334
0 0.6104166666666667 0.3828125 0.11666666666666667 0.165625
0 0.5 0.3734375 0.049479166666666664 0.07291666666666667
0 0.54375 0.8114583333333333 0.12708333333333333 0.17135416666666667
0 0.29010416666666666 0.16927083333333334 0.030729166666666665 0.05364583333333333
0 0.4890625 0.14114583333333333 0.10520833333333333 0.16354166666666667
0 0.4557291666666667 0.4427083333333333 0.06302083333333333 0.08333333333333333
0 0.11458333333333333 0.59375 0.057291666666666664 0.13125
0 0.23697916666666666 0.3458333333333333 0.0984375 0.14166666666666666
1 0.2864583333333333 0.5302083333333333 0.16145833333333334 0.16770833333333332
1 0.5875 0.08697916666666666 0.09583333333333334 0.17395833333333333
0 0.7432291666666667 0.21197916666666666 0.121875 0.11302083333333333
0 0.8072916666666666 0.2671875 0.07083333333333333 0.07864583333333333
0 0.2078125 0.9328125 0.071875 0.10625
0 0.15572916666666667 0.8692708333333333 0.040625 0.14947916666666666
1 0.415625 0.9442708333333333 0.1453125 0.1109375
0 0.19427083333333334 0.4453125 0.07447916666666667 0.11614583333333334
0 0.4322916666666667 0.578125 0.10625 0.19322916666666667
0 0.628125 0.590625 0.1234375 0.19583333333333333