0 0.4140625 0.18072916666666666 0.021875 0.043229166666666666
0 0.23333333333333334 0.5135416666666667 0.022395833333333334 0.030729166666666665
1 0.90625 0.33229166666666665 0.03333333333333333 0.03854166666666667
0 0.24114583333333334 0.2677083333333333 0.021875 0.0390625
0 0.0671875 0.7697916666666667 0.028125 0.044270833333333336
0 0.3421875 0.08645833333333333 0.020833333333333332 0.0390625
0 0.428125 0.290625 0.021354166666666667 0.03802083333333333
0 0.4109375 0.44635416666666666 0.021875 0.03697916666666667
0 0.4942708333333333 0.3411458333333333 0.022395833333333334 0.03802083333333333
0 0.4703125 0.3020833333333333 0.021875 0.0375
0 0.16666666666666666 0.5479166666666667 0.021875 0.03854166666666667
0 0.06927083333333334 0.8645833333333334 0.027604166666666666 0.04583333333333333
0 0.45364583333333336 0.0296875 0.022395833333333334 0.0375
0 0.54375 0.5192708333333333 0.020833333333333332 0.03697916666666667
0 0.4119791666666667 0.3578125 0.021875 0.0359375
0 0.1984375 0.7020833333333333 0.025 0.04114583333333333
0 0.21770833333333334 0.7510416666666667 0.023958333333333335 0.0390625
0 0.31875 0.12916666666666668 0.021875 0.0375
0 0.3046875 0.58125 0.021354166666666667 0.03697916666666667
0 0.2703125 0.14270833333333333 0.0234375 0.040625
0 0.31666666666666665 0.3072916666666667 0.020833333333333332 0.03697916666666667
0 0.20104166666666667 0.84375 0.025520833333333333 0.042708333333333334
0 0.16041666666666668 0.7109375 0.023958333333333335 0.04114583333333333
0 0.12395833333333334 0.6208333333333333 0.022395833333333334 0.03802083333333333
0 0.17760416666666667 0.24895833333333334 0.025520833333333333 0.043229166666666666
0 0.3104166666666667 0.8401041666666667 0.022395833333333334 0.0375
0 0.35052083333333334 0.5802083333333333 0.022395833333333334 0.0375
0 0.2557291666666667 0.365625 0.021875 0.036458333333333336
0 0.03854166666666667 0.8640625 0.027083333333333334 0.046875
0 0.39114583333333336 0.6442708333333333 0.022395833333333334 0.03697916666666667
0 0.11510416666666666 0.8234375 0.021354166666666667 0.03802083333333333
0 0.209375 0.3104166666666667 0.022395833333333334 0.04010416666666667
0 0.44947916666666665 0.3697916666666667 0.0203125 0.036458333333333336
0 0.5760416666666667 0.6520833333333333 0.019270833333333334 0.0328125
0 0.41875 0.5552083333333333 0.0203125 0.03697916666666667
0 0.6510416666666666 0.6682291666666667 0.021354166666666667 0.0328125
0 0.09010416666666667 0.21510416666666668 0.024479166666666666 0.04114583333333333
0 0.128125 0.19010416666666666 0.0234375 0.04010416666666667
0 0.396875 0.0484375 0.021354166666666667 0.041666666666666664
0 0.5942708333333333 0.4713541666666667 0.01875 0.0375
0 0.1125 0.4125 0.0296875 0.0390625
0 0.11510416666666666 0.26458333333333334 0.025520833333333333 0.041666666666666664
0 0.7244791666666667 0.7338541666666667 0.018229166666666668 0.034895833333333334
0 0.6526041666666667 0.5817708333333333 0.0171875 0.0296875
0 0.5427083333333333 0.9208333333333333 0.01875 0.03229166666666667
0 0.24270833333333333 0.078125 0.021354166666666667 0.044270833333333336
0 0.2453125 0.23333333333333334 0.0234375 0.04010416666666667
0 0.5151041666666667 0.7494791666666667 0.0203125 0.0328125
0 0.5859375 0.725 0.019270833333333334 0.030208333333333334
0 0.61875 0.73125 0.01875 0.03177083333333333
0 0.37395833333333334 0.740625 0.021875 0.04010416666666667
0 0.4713541666666667 0.078125 0.021875 0.03697916666666667
0 0.33489583333333334 0.796875 0.021875 0.03802083333333333
0 0.5473958333333333 0.4192708333333333 0.018229166666666668 0.0296875
0 0.5338541666666666 0.7989583333333333 0.01875 0.034895833333333334
0 0.203125 0.019270833333333334 0.024479166666666666 0.036458333333333336
0 0.019791666666666666 0.6739583333333333 0.0296875 0.046875
0 0.050520833333333334 0.725 0.03229166666666667 0.042708333333333334
0 0.5255208333333333 0.23541666666666666 0.0203125 0.0375
0 0.016145833333333335 0.9234375 0.025 0.043229166666666666
0 0.46979166666666666 0.6619791666666667 0.017708333333333333 0.03229166666666667
0 0.48854166666666665 0.21197916666666666 0.021875 0.04010416666666667
0 0.521875 0.559375 0.0171875 0.03177083333333333
0 0.5661458333333333 0.3932291666666667 0.0234375 0.033854166666666664
0 0.19583333333333333 0.14739583333333334 0.023958333333333335 0.04114583333333333
0 0.04895833333333333 0.1671875 0.0234375 0.0390625
0 0.011458333333333333 0.878125 0.022395833333333334 0.046875
0 0.6203125 0.9234375 0.017708333333333333 0.030208333333333334
0 0.6729166666666667 0.88125 0.017708333333333333 0.030729166666666665
0 0.45729166666666665 0.7901041666666667 0.0203125 0.036458333333333336
0 0.28802083333333334 0.921875 0.021875 0.0390625
0 0.31197916666666664 0.013541666666666667 0.020833333333333332 0.0265625
0 0.7036458333333333 0.7901041666666667 0.018229166666666668 0.03333333333333333
0 0.5473958333333333 0.21458333333333332 0.026041666666666668 0.04635416666666667
0 0.3390625 0.8614583333333333 0.0203125 0.0390625
0 0.5463541666666667 0.013020833333333334 0.0203125 0.025
0 0.740625 0.8520833333333333 0.017708333333333333 0.030208333333333334
0 0.6098958333333333 0.03802083333333333 0.0171875 0.030729166666666665
0 0.7708333333333334 0.5770833333333333 0.021354166666666667 0.035416666666666666
0 0.6859375 0.034895833333333334 0.01875 0.034895833333333334
1 0.8541666666666666 0.042708333333333334 0.025520833333333333 0.06197916666666667
0 0.6296875 0.0140625 0.019270833333333334 0.028125
0 0.359375 0.84375 0.01875 0.0375
0 0.728125 0.15208333333333332 0.0171875 0.028125
0 0.5125 0.6161458333333333 0.019791666666666666 0.04375
0 0.5052083333333334 0.2015625 0.017708333333333333 0.0359375
0 0.043229166666666666 0.6098958333333333 0.028125 0.0578125
0 0.440625 0.953125 0.027604166666666666 0.04010416666666667
0 0.6166666666666667 0.41354166666666664 0.016666666666666666 0.030208333333333334
0 0.6479166666666667 0.9776041666666667 0.017708333333333333 0.03125
0 0.42604166666666665 0.7046875 0.022395833333333334 0.042708333333333334
0 0.5703125 0.3567708333333333 0.0203125 0.028645833333333332
0 0.95 0.5739583333333333 0.01875 0.028645833333333332
0 0.8604166666666667 0.6541666666666667 0.016145833333333335 0.027083333333333334
0 0.7723958333333333 0.14635416666666667 0.017708333333333333 0.029166666666666667
0 0.1203125 0.015104166666666667 0.0203125 0.030208333333333334
0 0.878125 0.5364583333333334 0.01875 0.03125
0 0.7213541666666666 0.9411458333333333 0.015625 0.028645833333333332
0 0.246875 0.9875 0.022916666666666665 0.025
0 0.3578125 0.8651041666666667 0.019791666666666666 0.03697916666666667
0 0.8510416666666667 0.39427083333333335 0.015625 0.028125
0 0.603125 0.013020833333333334 0.0203125 0.025
0 0.7234375 0.46145833333333336 0.015625 0.028125
0 0.7661458333333333 0.17916666666666667 0.0171875 0.029166666666666667
0 0.39739583333333334 0.5276041666666667 0.022395833333333334 0.036458333333333336
1 0.8619791666666666 0.8885416666666667 0.021875 0.06145833333333333
1 0.9260416666666667 0.15625 0.01875 0.036458333333333336
0 0.4140625 0.7260416666666667 0.021875 0.0390625
0 0.8796875 0.6130208333333333 0.015625 0.027604166666666666
0 0.37552083333333336 0.9875 0.021875 0.025
0 0.7390625 0.2994791666666667 0.015625 0.028125
0 0.9416666666666667 0.44375 0.017708333333333333 0.027604166666666666
0 0.9703125 0.6432291666666666 0.018229166666666668 0.029166666666666667
0 0.9145833333333333 0.7453125 0.016145833333333335 0.027604166666666666
1 0.7708333333333334 0.7828125 0.030208333333333334 0.0546875
1 0.1609375 0.010416666666666666 0.0234375 0.020833333333333332
0 0.3885416666666667 0.5098958333333333 0.018229166666666668 0.0328125
1 0.83125 0.0078125 0.017708333333333333 0.0140625
0 0.16822916666666668 0.14427083333333332 0.023958333333333335 0.040625
0 0.153125 0.8067708333333333 0.0296875 0.065625
0 0.871875 0.14270833333333333 0.01875 0.04114583333333333
0 0.16666666666666666 0.18645833333333334 0.03125 0.03854166666666667