0 0.6265625 0.7854166666666667 0.04114583333333333 0.07135416666666666
0 0.5333333333333333 0.5484375 0.0375 0.059375
0 0.21145833333333333 0.13958333333333334 0.052083333333333336 0.0859375
0 0.6463541666666667 0.503125 0.028125 0.0546875
0 0.603125 0.5161458333333333 0.029166666666666667 0.04375
0 0.509375 0.8286458333333333 0.0640625 0.10208333333333333
0 0.5395833333333333 0.7260416666666667 0.0453125 0.07760416666666667
0 0.5671875 0.7046875 0.043229166666666666 0.08697916666666666
0 0.22552083333333334 0.8609375 0.053125 0.0921875
0 0.18541666666666667 0.9609375 0.0625 0.07760416666666667
0 0.35104166666666664 0.6177083333333333 0.0375 0.0984375
0 0.36354166666666665 0.06041666666666667 0.044270833333333336 0.09479166666666666
0 0.678125 0.8197916666666667 0.043229166666666666 0.08072916666666667