0 0.6864583333333333 0.33541666666666664 0.04583333333333333 0.09322916666666667
0 0.8390625 0.6635416666666667 0.046875 0.08645833333333333
0 0.940625 0.5255208333333333 0.052083333333333336 0.0953125
0 0.8979166666666667 0.7994791666666666 0.04739583333333333 0.07291666666666667
0 0.6776041666666667 0.91875 0.050520833333333334 0.1
0 0.7786458333333334 0.9661458333333334 0.04895833333333333 0.0625
0 0.7421875 0.9161458333333333 0.0609375 0.07708333333333334
0 0.4630208333333333 0.8265625 0.06510416666666667 0.07135416666666666
0 0.1359375 0.6010416666666667 0.053125 0.06510416666666667
0 0.23072916666666668 0.5265625 0.0671875 0.10104166666666667
1 0.3104166666666667 0.04895833333333333 0.07239583333333334 0.09427083333333333
0 0.39479166666666665 0.1171875 0.06979166666666667 0.10885416666666667
0 0.4510416666666667 0.5796875 0.07083333333333333 0.11822916666666666
0 0.39791666666666664 0.8729166666666667 0.0765625 0.09739583333333333
0 0.4192708333333333 0.7859375 0.07864583333333333 0.07552083333333333
1 0.75 0.24270833333333333 0.0625 0.08229166666666667