0 0.4890625 0.5052083333333334 0.0390625 0.065625
0 0.5125 0.8520833333333333 0.049479166666666664 0.0859375
0 0.6401041666666667 0.16197916666666667 0.08489583333333334 0.13489583333333333
0 0.5760416666666667 0.3421875 0.06875 0.121875
0 0.48489583333333336 0.3255208333333333 0.053125 0.09895833333333333
0 0.6270833333333333 0.2609375 0.07083333333333333 0.084375
0 0.534375 0.27708333333333335 0.052083333333333336 0.08802083333333334
0 0.5265625 0.4947916666666667 0.030208333333333334 0.05625
0 0.6817708333333333 0.9640625 0.027604166666666666 0.04635416666666667
0 0.6333333333333333 0.9572916666666667 0.0640625 0.08541666666666667
0 0.5739583333333333 0.8239583333333333 0.052083333333333336 0.09270833333333334
0 0.571875 0.22604166666666667 0.0515625 0.096875
0 0.11510416666666666 0.8213541666666667 0.04635416666666667 0.06822916666666666
0 0.7375 0.5708333333333333 0.07708333333333334 0.13072916666666667
0 0.69375 0.6677083333333333 0.027083333333333334 0.050520833333333334
1 0.9666666666666667 0.2859375 0.06666666666666667 0.15364583333333334
0 0.7276041666666667 0.2869791666666667 0.071875 0.09635416666666667
0 0.43072916666666666 0.353125 0.043229166666666666 0.06927083333333334
0 0.6130208333333333 0.7072916666666667 0.07395833333333333 0.0921875
0 0.8510416666666667 0.42552083333333335 0.0796875 0.11041666666666666
0 0.7119791666666667 0.4 0.065625 0.0890625
0 0.7947916666666667 0.8682291666666667 0.04114583333333333 0.10677083333333333
0 0.884375 0.7098958333333333 0.03802083333333333 0.13489583333333333
0 0.7307291666666667 0.7151041666666667 0.07760416666666667 0.1265625
0 0.8140625 0.6625 0.06770833333333333 0.128125
0 0.8598958333333333 0.5729166666666666 0.07395833333333333 0.153125
0 0.8145833333333333 0.2390625 0.06041666666666667 0.15625
0 0.6213541666666667 0.48541666666666666 0.08854166666666667 0.1265625
0 0.2708333333333333 0.3541666666666667 0.033854166666666664 0.0484375
1 0.9484375 0.0984375 0.08177083333333333 0.18333333333333332
0 0.9572916666666667 0.5296875 0.08072916666666667 0.128125
0 0.24947916666666667 0.75 0.024479166666666666 0.07864583333333333
0 0.290625 0.96875 0.033854166666666664 0.0625