0 0.40729166666666666 0.22447916666666667 0.052083333333333336 0.08541666666666667
0 0.5713541666666667 0.34739583333333335 0.05260416666666667 0.11666666666666667
0 0.49635416666666665 0.7578125 0.04739583333333333 0.0671875
0 0.026041666666666668 0.896875 0.035416666666666666 0.09791666666666667
0 0.440625 0.38385416666666666 0.0671875 0.10520833333333333
0 0.38125 0.052083333333333336 0.052083333333333336 0.0890625
0 0.3609375 0.5276041666666667 0.04010416666666667 0.09583333333333334
0 0.44479166666666664 0.9385416666666667 0.06822916666666666 0.11041666666666666
0 0.4244791666666667 0.7729166666666667 0.051041666666666666 0.07916666666666666
0 0.48854166666666665 0.18541666666666667 0.0671875 0.1046875
0 0.5630208333333333 0.22708333333333333 0.0484375 0.11302083333333333
0 0.6213541666666667 0.2828125 0.036458333333333336 0.06145833333333333
0 0.6140625 0.4161458333333333 0.08229166666666667 0.13229166666666667
0 0.6203125 0.5083333333333333 0.058854166666666666 0.09010416666666667
0 0.6369791666666667 0.578125 0.046875 0.06770833333333333
0 0.6916666666666667 0.6645833333333333 0.027604166666666666 0.0515625
0 0.5171875 0.8322916666666667 0.049479166666666664 0.09427083333333333
0 0.5609375 0.7916666666666666 0.07395833333333333 0.13541666666666666
0 0.6067708333333334 0.7182291666666667 0.057291666666666664 0.10989583333333333
0 0.6328125 0.871875 0.07552083333333333 0.15104166666666666
0 0.6536458333333334 0.7515625 0.06770833333333333 0.1328125
0 0.7953125 0.20208333333333334 0.028645833333333332 0.059895833333333336
0 0.6520833333333333 0.14375 0.04739583333333333 0.14270833333333333
0 0.421875 0.47239583333333335 0.05625 0.07447916666666667
1 0.7411458333333333 0.503125 0.071875 0.1359375
0 0.8442708333333333 0.5536458333333333 0.059895833333333336 0.14375
0 0.7229166666666667 0.728125 0.0484375 0.13020833333333334
0 0.8604166666666667 0.08020833333333334 0.04583333333333333 0.0828125
0 0.8463541666666666 0.2921875 0.053125 0.125
0 0.71875 0.18229166666666666 0.0875 0.090625
0 0.5645833333333333 0.634375 0.08489583333333334 0.14322916666666666