0 0.6192708333333333 0.4395833333333333 0.0296875 0.06041666666666667
0 0.546875 0.328125 0.03333333333333333 0.06302083333333333
0 0.496875 0.13802083333333334 0.0375 0.0609375
0 0.26875 0.20989583333333334 0.03958333333333333 0.0640625
0 0.30885416666666665 0.096875 0.04010416666666667 0.07552083333333333
0 0.9026041666666667 0.17291666666666666 0.026041666666666668 0.05
0 0.5604166666666667 0.15625 0.028645833333333332 0.0453125
0 0.6208333333333333 0.06770833333333333 0.03854166666666667 0.0625
0 0.17083333333333334 0.4088541666666667 0.042708333333333334 0.07239583333333334
0 0.2833333333333333 0.8026041666666667 0.03697916666666667 0.06041666666666667
0 0.6380208333333334 0.953125 0.0265625 0.05625
0 0.6932291666666667 0.1484375 0.03125 0.059895833333333336
0 0.7520833333333333 0.1640625 0.026041666666666668 0.04791666666666667
0 0.8213541666666667 0.10833333333333334 0.029166666666666667 0.05520833333333333
0 0.4078125 0.2791666666666667 0.04739583333333333 0.0625
0 0.21145833333333333 0.10989583333333333 0.058854166666666666 0.06666666666666667
0 0.11875 0.6723958333333333 0.044270833333333336 0.071875