0 0.6729166666666667 0.6744791666666666 0.044270833333333336 0.0765625
0 0.7229166666666667 0.5369791666666667 0.034895833333333334 0.07083333333333333
0 0.6723958333333333 0.4890625 0.03177083333333333 0.06041666666666667
0 0.6005208333333333 0.5135416666666667 0.03958333333333333 0.06197916666666667
0 0.5088541666666667 0.5614583333333333 0.03958333333333333 0.057291666666666664
0 0.4703125 0.5645833333333333 0.0390625 0.05572916666666667
0 0.8140625 0.753125 0.0421875 0.075
0 0.9177083333333333 0.5901041666666667 0.035416666666666666 0.06354166666666666
0 0.8276041666666667 0.4786458333333333 0.034895833333333334 0.0546875
0 0.6140625 0.6932291666666667 0.0359375 0.05677083333333333
0 0.584375 0.6390625 0.03177083333333333 0.0609375
0 0.9526041666666667 0.8427083333333333 0.04114583333333333 0.0671875
1 0.8677083333333333 0.7083333333333334 0.06197916666666667 0.08645833333333333
1 0.8 0.6072916666666667 0.051041666666666666 0.0640625
1 0.178125 0.6765625 0.05625 0.0734375
1 0.0734375 0.734375 0.0640625 0.1265625
1 0.3375 0.5453125 0.0734375 0.06354166666666666
0 0.5536458333333333 0.5354166666666667 0.030208333333333334 0.049479166666666664
0 0.8796875 0.4713541666666667 0.0265625 0.053125
0 0.23229166666666667 0.6557291666666667 0.0359375 0.05260416666666667
0 0.7510416666666667 0.4192708333333333 0.034375 0.049479166666666664
0 0.04114583333333333 0.85 0.033854166666666664 0.06041666666666667
0 0.3729166666666667 0.796875 0.03697916666666667 0.0734375
0 0.3848958333333333 0.6557291666666667 0.036458333333333336 0.06302083333333333
0 0.8734375 0.634375 0.044270833333333336 0.06145833333333333
0 0.7109375 0.41041666666666665 0.051041666666666666 0.08020833333333334
0 0.3463541666666667 0.225 0.028125 0.0421875
0 0.5645833333333333 0.1640625 0.025520833333333333 0.0359375
0 0.4401041666666667 0.6630208333333333 0.034895833333333334 0.06354166666666666
0 0.21197916666666666 0.6067708333333334 0.033854166666666664 0.06510416666666667
0 0.2375 0.5609375 0.0375 0.06614583333333333
0 0.8932291666666666 0.12291666666666666 0.026041666666666668 0.046875