0 0.41822916666666665 0.42135416666666664 0.06145833333333333 0.0796875
0 0.5791666666666667 0.6411458333333333 0.058333333333333334 0.09375
0 0.6791666666666667 0.3489583333333333 0.05677083333333333 0.04635416666666667
0 0.7557291666666667 0.2604166666666667 0.043229166666666666 0.08020833333333334
0 0.8119791666666667 0.396875 0.0640625 0.05260416666666667
0 0.9604166666666667 0.5520833333333334 0.0453125 0.09375
0 0.13020833333333334 0.39010416666666664 0.050520833333333334 0.08020833333333334
0 0.24479166666666666 0.36770833333333336 0.05625 0.071875
0 0.16822916666666668 0.8526041666666667 0.04739583333333333 0.071875
0 0.25833333333333336 0.7307291666666667 0.021354166666666667 0.06875
0 0.28072916666666664 0.7822916666666667 0.0328125 0.071875
0 0.5572916666666666 0.5239583333333333 0.033854166666666664 0.07395833333333333
0 0.5828125 0.8697916666666666 0.03177083333333333 0.0578125
0 0.27291666666666664 0.8458333333333333 0.03333333333333333 0.058333333333333334
0 0.018229166666666668 0.5770833333333333 0.036458333333333336 0.05416666666666667
1 0.7619791666666667 0.9067708333333333 0.05364583333333333 0.12083333333333333
0 0.6666666666666666 0.06666666666666667 0.027083333333333334 0.044270833333333336