0 0.28489583333333335 0.7270833333333333 0.06666666666666667 0.11614583333333334
0 0.7270833333333333 0.8791666666666667 0.05364583333333333 0.08385416666666666
0 0.6666666666666666 0.8239583333333333 0.044270833333333336 0.078125
0 0.6645833333333333 0.7359375 0.04635416666666667 0.08333333333333333
0 0.565625 0.5171875 0.06302083333333333 0.12395833333333334
0 0.4432291666666667 0.6927083333333334 0.057291666666666664 0.09270833333333334
0 0.953125 0.7692708333333333 0.033854166666666664 0.0609375
0 0.8520833333333333 0.7729166666666667 0.035416666666666666 0.05364583333333333
0 0.31927083333333334 0.346875 0.06302083333333333 0.08958333333333333
0 0.3729166666666667 0.6291666666666667 0.06614583333333333 0.10572916666666667
0 0.1078125 0.12604166666666666 0.04479166666666667 0.07083333333333333
0 0.24427083333333333 0.1796875 0.04635416666666667 0.08125
0 0.18854166666666666 0.2890625 0.03177083333333333 0.07447916666666667
0 0.4890625 0.8234375 0.053125 0.09895833333333333
0 0.2234375 0.5046875 0.059375 0.08697916666666666
0 0.33958333333333335 0.24322916666666666 0.059895833333333336 0.0859375
0 0.61875 0.9432291666666667 0.052083333333333336 0.07135416666666666
0 0.8484375 0.953125 0.05520833333333333 0.07291666666666667
0 0.9203125 0.7921875 0.03177083333333333 0.058333333333333334
0 0.7869791666666667 0.14322916666666666 0.021875 0.05260416666666667
0 0.28020833333333334 0.0765625 0.058333333333333334 0.071875
0 0.20625 0.946875 0.025520833333333333 0.05
0 0.15625 0.9729166666666667 0.03697916666666667 0.04635416666666667
0 0.6359375 0.027083333333333334 0.030208333333333334 0.050520833333333334
0 0.1421875 0.48802083333333335 0.0484375 0.08385416666666666
0 0.140625 0.921875 0.03802083333333333 0.065625
0 0.5546875 0.95 0.06822916666666666 0.1
0 0.8317708333333333 0.6994791666666667 0.0421875 0.0734375
0 0.10260416666666666 0.5807291666666666 0.07916666666666666 0.1171875
0 0.22864583333333333 0.6401041666666667 0.06770833333333333 0.08020833333333334