0 0.8354166666666667 0.8369791666666667 0.03125 0.05572916666666667
0 0.6703125 0.6182291666666667 0.03177083333333333 0.05520833333333333
0 0.7010416666666667 0.7229166666666667 0.020833333333333332 0.03802083333333333
0 0.5338541666666666 0.6192708333333333 0.042708333333333334 0.08645833333333333
0 0.3651041666666667 0.5838541666666667 0.059375 0.1078125
0 0.5229166666666667 0.85 0.0484375 0.07760416666666667
0 0.6833333333333333 0.8927083333333333 0.0390625 0.059375
0 0.8338541666666667 0.40677083333333336 0.05520833333333333 0.09114583333333333
0 0.2625 0.3536458333333333 0.05416666666666667 0.10416666666666667
0 0.15677083333333333 0.753125 0.040625 0.0578125
0 0.1234375 0.9036458333333334 0.03802083333333333 0.05520833333333333
0 0.3848958333333333 0.91875 0.0203125 0.033854166666666664
0 0.4114583333333333 0.9505208333333334 0.024479166666666666 0.0453125
1 0.4296875 0.42239583333333336 0.07604166666666666 0.11822916666666666
0 0.5536458333333333 0.3489583333333333 0.04114583333333333 0.07239583333333334
1 0.09635416666666667 0.5109375 0.06979166666666667 0.121875
0 0.38697916666666665 0.6895833333333333 0.023958333333333335 0.0421875
0 0.6776041666666667 0.19322916666666667 0.065625 0.12760416666666666
0 0.7359375 0.19947916666666668 0.046875 0.09114583333333333
0 0.8421875 0.6489583333333333 0.022395833333333334 0.042708333333333334
0 0.5828125 0.7213541666666666 0.019270833333333334 0.0421875
0 0.7557291666666667 0.6177083333333333 0.027083333333333334 0.05416666666666667
0 0.28125 0.7567708333333333 0.05520833333333333 0.11041666666666666
0 0.6161458333333333 0.6880208333333333 0.04739583333333333 0.07760416666666667
0 0.30104166666666665 0.5953125 0.027083333333333334 0.04114583333333333
0 0.2171875 0.5005208333333333 0.052083333333333336 0.09166666666666666
0 0.425 0.6651041666666667 0.05520833333333333 0.09270833333333334
0 0.5572916666666666 0.7666666666666667 0.049479166666666664 0.0875
0 0.2453125 0.6682291666666667 0.04895833333333333 0.09010416666666667
0 0.017708333333333333 0.46197916666666666 0.034895833333333334 0.09270833333333334
0 0.7786458333333334 0.4984375 0.0703125 0.11666666666666667
0 0.4359375 0.5421875 0.017708333333333333 0.03333333333333333
0 0.27447916666666666 0.5489583333333333 0.019270833333333334 0.04114583333333333
0 0.0828125 0.8213541666666667 0.052083333333333336 0.07135416666666666
1 0.9307291666666667 0.4484375 0.12708333333333333 0.1546875
1 0.06875 0.41510416666666666 0.08333333333333333 0.10260416666666666
0 0.2140625 0.18854166666666666 0.07239583333333334 0.1078125
0 0.6364583333333333 0.034375 0.04895833333333333 0.06614583333333333
1 0.14791666666666667 0.44635416666666666 0.06927083333333334 0.09635416666666667
0 0.12604166666666666 0.3234375 0.018229166666666668 0.03229166666666667
0 0.615625 0.4348958333333333 0.05520833333333333 0.10260416666666666
0 0.15677083333333333 0.37916666666666665 0.027083333333333334 0.043229166666666666
0 0.171875 0.5609375 0.028645833333333332 0.050520833333333334
0 0.015625 0.6520833333333333 0.03125 0.09166666666666666
0 0.7697916666666667 0.74375 0.044270833333333336 0.07083333333333333
0 0.3302083333333333 0.3953125 0.024479166666666666 0.0484375
0 0.9786458333333333 0.6979166666666666 0.030729166666666665 0.05677083333333333
0 0.9046875 0.5635416666666667 0.034375 0.05677083333333333
0 0.8666666666666667 0.5567708333333333 0.0390625 0.035416666666666666
0 0.8598958333333333 0.5979166666666667 0.051041666666666666 0.0703125
0 0.07395833333333333 0.21614583333333334 0.09322916666666667 0.15052083333333333
0 0.1234375 0.6177083333333333 0.051041666666666666 0.07239583333333334
0 0.07135416666666666 0.6307291666666667 0.026041666666666668 0.046875
0 0.07135416666666666 0.5760416666666667 0.028645833333333332 0.040625
0 0.10677083333333333 0.7666666666666667 0.059375 0.07083333333333333
0 0.5682291666666667 0.8640625 0.0328125 0.0578125
0 0.42291666666666666 0.73125 0.052083333333333336 0.04791666666666667
0 0.49375 0.6098958333333333 0.0359375 0.10104166666666667
0 0.521875 0.5661458333333333 0.01875 0.035416666666666666
0 0.3171875 0.6921875 0.0296875 0.0734375
0 0.7973958333333333 0.6140625 0.043229166666666666 0.0390625
0 0.9385416666666667 0.6380208333333334 0.05416666666666667 0.090625
0 0.7984375 0.25833333333333336 0.06197916666666667 0.07239583333333334
0 0.24270833333333333 0.2635416666666667 0.0359375 0.049479166666666664
0 0.7776041666666667 0.19270833333333334 0.023958333333333335 0.05260416666666667
0 0.6432291666666666 0.125 0.024479166666666666 0.05
0 0.7890625 0.7046875 0.04010416666666667 0.06875
1 0.35208333333333336 0.25833333333333336 0.0828125 0.13125
1 0.41822916666666665 0.17083333333333334 0.07395833333333333 0.16041666666666668
0 0.20364583333333333 0.09375 0.09895833333333333 0.09479166666666666
0 0.6380208333333334 0.8973958333333333 0.0546875 0.08645833333333333
0 0.3359375 0.125 0.08385416666666666 0.134375
0 0.5442708333333334 0.23333333333333334 0.05416666666666667 0.09166666666666666
0 0.5026041666666666 0.4505208333333333 0.06302083333333333 0.1234375
0 0.4869791666666667 0.14427083333333332 0.07239583333333334 0.1296875