0 0.16458333333333333 0.8744791666666667 0.06666666666666667 0.11927083333333334
0 0.43020833333333336 0.7197916666666667 0.0359375 0.058854166666666666
0 0.5645833333333333 0.8578125 0.029166666666666667 0.04895833333333333
0 0.7463541666666667 0.6651041666666667 0.057291666666666664 0.08958333333333333
0 0.584375 0.6072916666666667 0.0640625 0.08489583333333334
0 0.20833333333333334 0.6890625 0.0375 0.05572916666666667
0 0.234375 0.8401041666666667 0.052083333333333336 0.058333333333333334
0 0.30052083333333335 0.7328125 0.025520833333333333 0.0515625
0 0.35520833333333335 0.6822916666666666 0.034895833333333334 0.0421875
0 0.37395833333333334 0.6291666666666667 0.028645833333333332 0.046875
0 0.10989583333333333 0.9421875 0.03229166666666667 0.05520833333333333
0 0.6208333333333333 0.5442708333333334 0.03177083333333333 0.04739583333333333
0 0.6520833333333333 0.5328125 0.044270833333333336 0.07708333333333334
0 0.2625 0.7463541666666667 0.07239583333333334 0.09635416666666667
0 0.5369791666666667 0.25104166666666666 0.034895833333333334 0.06510416666666667
0 0.016666666666666666 0.6453125 0.03333333333333333 0.0578125
0 0.0171875 0.7557291666666667 0.034375 0.08229166666666667
0 0.04479166666666667 0.7682291666666666 0.027083333333333334 0.036458333333333336
0 0.035416666666666666 0.8953125 0.0546875 0.1015625
0 0.83125 0.24427083333333333 0.07135416666666666 0.08802083333333334
0 0.9151041666666667 0.5020833333333333 0.03229166666666667 0.0375
0 0.478125 0.7104166666666667 0.025 0.025
0 0.7088541666666667 0.60625 0.022395833333333334 0.04895833333333333
1 0.3625 0.41302083333333334 0.05625 0.14114583333333333
1 0.5463541666666667 0.48802083333333335 0.08177083333333333 0.11354166666666667
0 0.29010416666666666 0.546875 0.040625 0.07083333333333333
0 0.25104166666666666 0.6057291666666667 0.029166666666666667 0.04114583333333333
0 0.3541666666666667 0.5572916666666666 0.05 0.1
0 0.07604166666666666 0.1859375 0.09322916666666667 0.10052083333333334
0 0.56875 0.13385416666666666 0.04583333333333333 0.08229166666666667
1 0.21822916666666667 0.4515625 0.08645833333333333 0.09583333333333334
0 0.2942708333333333 0.24895833333333334 0.0859375 0.13229166666666667
0 0.3453125 0.16875 0.06510416666666667 0.1203125
0 0.8140625 0.08333333333333333 0.050520833333333334 0.1203125