0 0.44583333333333336 0.2171875 0.0296875 0.05677083333333333
0 0.27395833333333336 0.16510416666666666 0.029166666666666667 0.052083333333333336
0 0.5265625 0.3697916666666667 0.0296875 0.0546875
0 0.471875 0.5182291666666666 0.04114583333333333 0.06302083333333333
0 0.76875 0.5442708333333334 0.034895833333333334 0.058854166666666666
0 0.3078125 0.07708333333333334 0.03229166666666667 0.06822916666666666
0 0.6010416666666667 0.10989583333333333 0.03333333333333333 0.0640625
0 0.40677083333333336 0.953125 0.04635416666666667 0.08385416666666666
0 0.7411458333333333 0.7203125 0.040625 0.0703125
0 0.2869791666666667 0.240625 0.042708333333333334 0.07708333333333334
1 0.6760416666666667 0.36666666666666664 0.0515625 0.08125
0 0.8322916666666667 0.4005208333333333 0.03177083333333333 0.06354166666666666
0 0.2609375 0.6098958333333333 0.0421875 0.06458333333333334
0 0.13645833333333332 0.35625 0.059895833333333336 0.1046875
0 0.275 0.46510416666666665 0.03333333333333333 0.05625
0 0.9322916666666666 0.6848958333333334 0.035416666666666666 0.058854166666666666
0 0.9046875 0.9416666666666667 0.0265625 0.0609375
1 0.0421875 0.7854166666666667 0.046875 0.08125
1 0.5463541666666667 0.6921875 0.05520833333333333 0.06614583333333333
0 0.365625 0.5088541666666667 0.034895833333333334 0.0625
0 0.4 0.27760416666666665 0.035416666666666666 0.05520833333333333
1 0.27291666666666664 0.7546875 0.07083333333333333 0.09427083333333333
1 0.6708333333333333 0.5958333333333333 0.03958333333333333 0.06614583333333333
0 0.5421875 0.20052083333333334 0.026041666666666668 0.0421875
1 0.07916666666666666 0.13645833333333332 0.041666666666666664 0.07291666666666667
1 0.21875 0.07395833333333333 0.0390625 0.07708333333333334
0 0.9135416666666667 0.7927083333333333 0.0265625 0.052083333333333336
0 0.45 0.16614583333333333 0.028645833333333332 0.043229166666666666
1 0.10520833333333333 0.0953125 0.0421875 0.071875
1 0.8541666666666666 0.3333333333333333 0.0375 0.059895833333333336
0 0.5807291666666666 0.7442708333333333 0.0359375 0.058854166666666666
0 0.017708333333333333 0.22760416666666666 0.03333333333333333 0.0625
0 0.1015625 0.28541666666666665 0.03229166666666667 0.059895833333333336
0 0.5989583333333334 0.2520833333333333 0.024479166666666666 0.0453125
0 0.5640625 0.1421875 0.023958333333333335 0.043229166666666666
1 0.1609375 0.8197916666666667 0.053125 0.11770833333333333
1 0.8692708333333333 0.5510416666666667 0.03854166666666667 0.057291666666666664
0 0.20885416666666667 0.49947916666666664 0.0328125 0.06145833333333333
0 0.3536458333333333 0.2359375 0.023958333333333335 0.049479166666666664
0 0.9203125 0.2520833333333333 0.027604166666666666 0.0484375
0 0.703125 0.20989583333333334 0.027604166666666666 0.053125
0 0.6317708333333333 0.13541666666666666 0.021875 0.040625
0 0.39010416666666664 0.6552083333333333 0.040625 0.06979166666666667
0 0.49895833333333334 0.6723958333333333 0.04010416666666667 0.05260416666666667
0 0.7244791666666667 0.6479166666666667 0.0265625 0.04739583333333333
0 0.5052083333333334 0.03229166666666667 0.022916666666666665 0.04583333333333333
0 0.5489583333333333 0.9005208333333333 0.0234375 0.06822916666666666
1 0.8583333333333333 0.6864583333333333 0.041666666666666664 0.10260416666666666
0 0.5286458333333334 0.3072916666666667 0.034375 0.053125
0 0.584375 0.415625 0.03958333333333333 0.0671875
0 0.7036458333333333 0.28489583333333335 0.030729166666666665 0.06145833333333333
0 0.3609375 0.4239583333333333 0.025520833333333333 0.058333333333333334
0 0.3109375 0.4 0.0484375 0.0828125
0 0.42239583333333336 0.4171875 0.0484375 0.0671875
0 0.36302083333333335 0.334375 0.036458333333333336 0.0484375
0 0.3671875 0.28854166666666664 0.03125 0.0484375
0 0.18489583333333334 0.6338541666666667 0.036458333333333336 0.0609375
0 0.2520833333333333 0.95625 0.04583333333333333 0.08541666666666667
0 0.3619791666666667 0.7723958333333333 0.05416666666666667 0.0734375
0 0.11875 0.5239583333333333 0.053125 0.058333333333333334
0 0.12447916666666667 0.4765625 0.0484375 0.065625
0 0.0875 0.42291666666666666 0.040625 0.0671875
0 0.17447916666666666 0.3072916666666667 0.027083333333333334 0.06145833333333333
0 0.15208333333333332 0.215625 0.058333333333333334 0.05572916666666667
0 0.18802083333333333 0.15572916666666667 0.042708333333333334 0.0640625
0 0.16145833333333334 0.0625 0.034895833333333334 0.071875
0 0.45208333333333334 0.115625 0.017708333333333333 0.041666666666666664
0 0.4791666666666667 0.15625 0.028125 0.0515625
0 0.38958333333333334 0.08489583333333334 0.04114583333333333 0.058854166666666666
0 0.4588541666666667 0.01875 0.028125 0.0375
0 0.4734375 0.06302083333333333 0.025 0.052083333333333336
0 0.47291666666666665 0.1078125 0.021875 0.0453125
0 0.49895833333333334 0.07447916666666667 0.01875 0.03802083333333333
0 0.6197916666666666 0.17135416666666667 0.024479166666666666 0.04114583333333333
0 0.6229166666666667 0.25833333333333336 0.026041666666666668 0.0328125
0 0.6046875 0.7026041666666667 0.042708333333333334 0.0703125
0 0.496875 0.6291666666666667 0.03854166666666667 0.0390625
0 0.4197916666666667 0.61875 0.0421875 0.06302083333333333
0 0.3546875 0.6703125 0.04635416666666667 0.0765625
0 0.728125 0.5635416666666667 0.027604166666666666 0.0265625
0 0.7755208333333333 0.7697916666666667 0.027604166666666666 0.075
0 0.8078125 0.9286458333333333 0.025520833333333333 0.08125
0 0.76875 0.8958333333333334 0.0390625 0.06979166666666667
0 0.7130208333333333 0.9708333333333333 0.028645833333333332 0.052083333333333336
0 0.8088541666666667 0.7848958333333333 0.03125 0.07083333333333333
0 0.6223958333333334 0.5875 0.04114583333333333 0.0484375
0 0.7453125 0.5875 0.03125 0.040625
0 0.90625 0.5020833333333333 0.020833333333333332 0.0421875
0 0.9177083333333333 0.47760416666666666 0.03177083333333333 0.05520833333333333
0 0.5822916666666667 0.328125 0.03177083333333333 0.05416666666666667
0 0.24739583333333334 0.18333333333333332 0.034375 0.027083333333333334
0 0.6447916666666667 0.25 0.029166666666666667 0.035416666666666666
0 0.65 0.2921875 0.0375 0.04895833333333333
0 0.7708333333333334 0.2359375 0.030208333333333334 0.057291666666666664
0 0.7885416666666667 0.2677083333333333 0.025 0.025
0 0.7859375 0.17135416666666667 0.0125 0.03125
0 0.7598958333333333 0.07916666666666666 0.027083333333333334 0.03697916666666667
0 0.8822916666666667 0.03854166666666667 0.028125 0.0546875
0 0.6776041666666667 0.8989583333333333 0.028645833333333332 0.06666666666666667
0 0.9401041666666666 0.27395833333333336 0.027083333333333334 0.043229166666666666
0 0.8666666666666667 0.1984375 0.03125 0.040625
0 0.06510416666666667 0.8333333333333334 0.041666666666666664 0.06614583333333333
0 0.1046875 0.8479166666666667 0.03333333333333333 0.08072916666666667
0 0.190625 0.75 0.0453125 0.06666666666666667
0 0.265625 0.5208333333333334 0.04114583333333333 0.07604166666666666