0 0.8109375 0.34479166666666666 0.03854166666666667 0.05625
0 0.8942708333333333 0.16614583333333333 0.028645833333333332 0.07083333333333333
0 0.6640625 0.09375 0.025520833333333333 0.0578125
0 0.5697916666666667 0.30104166666666665 0.0375 0.04791666666666667
0 0.46510416666666665 0.6083333333333333 0.042708333333333334 0.059375
0 0.3776041666666667 0.8359375 0.044270833333333336 0.05625
0 0.33489583333333334 0.9348958333333334 0.049479166666666664 0.051041666666666666
0 0.703125 0.7703125 0.0375 0.0796875
0 0.5729166666666666 0.5729166666666666 0.0265625 0.059895833333333336
0 0.44947916666666665 0.4890625 0.04114583333333333 0.059895833333333336
0 0.3645833333333333 0.61875 0.04583333333333333 0.0859375
0 0.35208333333333336 0.421875 0.044270833333333336 0.08072916666666667
0 0.40625 0.3541666666666667 0.03854166666666667 0.06666666666666667
0 0.5625 0.9317708333333333 0.05 0.07604166666666666
1 0.5213541666666667 0.6979166666666666 0.059375 0.05572916666666667
0 0.7739583333333333 0.8979166666666667 0.030208333333333334 0.04010416666666667
0 0.153125 0.9041666666666667 0.053125 0.04895833333333333
0 0.7760416666666666 0.6276041666666666 0.0328125 0.053125
0 0.325 0.2734375 0.034375 0.0578125
0 0.321875 0.34322916666666664 0.0390625 0.06770833333333333
0 0.4359375 0.2630208333333333 0.040625 0.0671875
0 0.7692708333333333 0.9786458333333333 0.046875 0.0421875
0 0.9317708333333333 0.7921875 0.0390625 0.06979166666666667
0 0.5713541666666667 0.15677083333333333 0.03177083333333333 0.06145833333333333
0 0.5921875 0.2078125 0.036458333333333336 0.07135416666666666
0 0.10364583333333334 0.5484375 0.026041666666666668 0.07135416666666666
0 0.030208333333333334 0.6140625 0.04895833333333333 0.06510416666666667
0 0.13645833333333332 0.4453125 0.046875 0.09010416666666667
0 0.050520833333333334 0.43802083333333336 0.0296875 0.07083333333333333
0 0.7953125 0.715625 0.043229166666666666 0.06927083333333334
0 0.9505208333333334 0.6848958333333334 0.0421875 0.0515625
0 0.234375 0.7822916666666667 0.046875 0.06614583333333333
0 0.4348958333333333 0.378125 0.028645833333333332 0.06822916666666666
1 0.26197916666666665 0.5333333333333333 0.06875 0.0859375
0 0.3 0.6828125 0.05572916666666667 0.08125
0 0.1515625 0.11041666666666666 0.027604166666666666 0.059895833333333336
0 0.1671875 0.17864583333333334 0.025520833333333333 0.0640625
0 0.19114583333333332 0.14322916666666666 0.034375 0.058854166666666666
0 0.4895833333333333 0.09270833333333334 0.027604166666666666 0.06041666666666667
0 0.5640625 0.05677083333333333 0.0375 0.07708333333333334
0 0.5510416666666667 0.10572916666666667 0.03229166666666667 0.06041666666666667
0 0.40729166666666666 0.9411458333333333 0.0484375 0.03802083333333333
0 0.7067708333333333 0.9697916666666667 0.04114583333333333 0.059895833333333336
0 0.6322916666666667 0.9135416666666667 0.0375 0.06302083333333333
0 0.09375 0.20104166666666667 0.03333333333333333 0.0671875
1 0.2713541666666667 0.33177083333333335 0.04895833333333333 0.06927083333333334
0 0.7375 0.2677083333333333 0.03333333333333333 0.057291666666666664
0 0.4088541666666667 0.7625 0.035416666666666666 0.0640625
0 0.4427083333333333 0.7255208333333333 0.0640625 0.09375
0 0.6067708333333334 0.5666666666666667 0.016666666666666666 0.040625
0 0.03177083333333333 0.9276041666666667 0.03229166666666667 0.06197916666666667
0 0.49114583333333334 0.965625 0.034375 0.053125
0 0.8817708333333333 0.48072916666666665 0.021875 0.0578125
0 0.8645833333333334 0.4 0.04583333333333333 0.07447916666666667
0 0.465625 0.39895833333333336 0.0375 0.07135416666666666
0 0.7635416666666667 0.22864583333333333 0.041666666666666664 0.07604166666666666
0 0.9760416666666667 0.2989583333333333 0.04114583333333333 0.05
0 0.7708333333333334 0.4421875 0.03333333333333333 0.06197916666666667
0 0.6567708333333333 0.615625 0.034375 0.05677083333333333
0 0.7072916666666667 0.8442708333333333 0.043229166666666666 0.08489583333333334
0 0.6770833333333334 0.9260416666666667 0.05364583333333333 0.078125
0 0.128125 0.30625 0.0484375 0.07552083333333333
0 0.609375 0.3416666666666667 0.0375 0.06822916666666666
1 0.559375 0.45416666666666666 0.09114583333333333 0.11197916666666667
1 0.6411458333333333 0.4734375 0.08697916666666666 0.165625
0 0.6692708333333334 0.18385416666666668 0.0390625 0.07604166666666666
0 0.15625 0.7817708333333333 0.033854166666666664 0.09635416666666667
0 0.19166666666666668 0.765625 0.0265625 0.08958333333333333
0 0.40625 0.6411458333333333 0.025 0.07760416666666667
0 0.41822916666666665 0.5723958333333333 0.03697916666666667 0.059895833333333336
0 0.28072916666666664 0.9572916666666667 0.06770833333333333 0.08541666666666667
0 0.6380208333333334 0.3302083333333333 0.03333333333333333 0.0609375