0 0.7088541666666667 0.421875 0.024479166666666666 0.0390625
1 0.5875 0.46822916666666664 0.029166666666666667 0.03333333333333333
1 0.5005208333333333 0.7229166666666667 0.026041666666666668 0.05364583333333333
0 0.5854166666666667 0.7713541666666667 0.021354166666666667 0.0328125
0 0.3223958333333333 0.27239583333333334 0.016666666666666666 0.030729166666666665
0 0.41302083333333334 0.8890625 0.014583333333333334 0.027604166666666666
0 0.4 0.725 0.01875 0.030208333333333334
1 0.38645833333333335 0.9140625 0.020833333333333332 0.059895833333333336
0 0.6927083333333334 0.6880208333333333 0.026041666666666668 0.03333333333333333
0 0.6723958333333333 0.5734375 0.019270833333333334 0.03802083333333333
0 0.4088541666666667 0.2515625 0.018229166666666668 0.03229166666666667
0 0.36302083333333335 0.33645833333333336 0.016145833333333335 0.022916666666666665
0 0.25104166666666666 0.046875 0.016145833333333335 0.027604166666666666
0 0.48385416666666664 0.2833333333333333 0.019270833333333334 0.028645833333333332
0 0.46770833333333334 0.24375 0.015625 0.027083333333333334
1 0.3854166666666667 0.10885416666666667 0.019270833333333334 0.042708333333333334
0 0.365625 0.1140625 0.016666666666666666 0.026041666666666668
0 0.36354166666666665 0.08697916666666666 0.014583333333333334 0.0265625
0 0.26875 0.04635416666666667 0.0171875 0.028125
0 0.3385416666666667 0.24635416666666668 0.011979166666666667 0.021354166666666667
0 0.4328125 0.6916666666666667 0.013020833333333334 0.022916666666666665
0 0.4203125 0.7130208333333333 0.015625 0.025
0 0.6713541666666667 0.7302083333333333 0.018229166666666668 0.030208333333333334
0 0.7322916666666667 0.8473958333333333 0.019791666666666666 0.03333333333333333
0 0.6682291666666667 0.1296875 0.018229166666666668 0.028125
0 0.3385416666666667 0.36822916666666666 0.016145833333333335 0.029166666666666667
0 0.4359375 0.3848958333333333 0.014583333333333334 0.0265625
0 0.6645833333333333 0.9640625 0.016666666666666666 0.034895833333333334
0 0.728125 0.3260416666666667 0.0234375 0.0359375
0 0.6776041666666667 0.42291666666666666 0.016666666666666666 0.0328125
0 0.8421875 0.296875 0.016145833333333335 0.028125
0 0.8364583333333333 0.2640625 0.0171875 0.028645833333333332
1 0.49947916666666664 0.9755208333333333 0.030729166666666665 0.033854166666666664
0 0.46770833333333334 0.8859375 0.015104166666666667 0.022916666666666665
0 0.6635416666666667 0.20104166666666667 0.015104166666666667 0.023958333333333335
0 0.9083333333333333 0.5822916666666667 0.0171875 0.0265625
0 0.8640625 0.5260416666666666 0.0171875 0.033854166666666664
0 0.18177083333333333 0.5588541666666667 0.0140625 0.025520833333333333
0 0.4197916666666667 0.9604166666666667 0.018229166666666668 0.03229166666666667
1 0.5223958333333333 0.9380208333333333 0.017708333333333333 0.049479166666666664
1 0.5536458333333333 0.875 0.046875 0.057291666666666664
0 0.4973958333333333 0.76875 0.019791666666666666 0.029166666666666667
0 0.240625 0.7125 0.0140625 0.023958333333333335
0 0.2140625 0.11927083333333334 0.011979166666666667 0.0203125
0 0.10208333333333333 0.42552083333333335 0.0125 0.022395833333333334
0 0.3333333333333333 0.9265625 0.011458333333333333 0.027604166666666666
0 0.6526041666666667 0.6307291666666667 0.0171875 0.034375
0 0.6598958333333333 0.6770833333333334 0.0234375 0.03854166666666667
0 0.7130208333333333 0.35885416666666664 0.025520833333333333 0.03854166666666667
0 0.28177083333333336 0.6427083333333333 0.016666666666666666 0.0296875
1 0.171875 0.48854166666666665 0.03802083333333333 0.05
1 0.8098958333333334 0.515625 0.022395833333333334 0.050520833333333334
1 0.8317708333333333 0.5302083333333333 0.034375 0.044270833333333336
1 0.7036458333333333 0.49947916666666664 0.046875 0.04583333333333333
0 0.5921875 0.41458333333333336 0.018229166666666668 0.034375
1 0.5734375 0.4244791666666667 0.019791666666666666 0.04791666666666667
0 0.6395833333333333 0.3125 0.017708333333333333 0.0359375
0 0.7864583333333334 0.06197916666666667 0.01875 0.030729166666666665
0 0.8166666666666667 0.6682291666666667 0.015625 0.04010416666666667
0 0.13802083333333334 0.5994791666666667 0.015625 0.025
1 0.35208333333333336 0.9114583333333334 0.021354166666666667 0.03125
0 0.3854166666666667 0.809375 0.0171875 0.03125
1 0.40677083333333336 0.7776041666666667 0.0296875 0.057291666666666664
0 0.8322916666666667 0.175 0.015625 0.026041666666666668
0 0.8270833333333333 0.09739583333333333 0.019791666666666666 0.030208333333333334
0 0.9755208333333333 0.88125 0.0328125 0.04375
0 0.090625 0.9223958333333333 0.015104166666666667 0.022916666666666665
0 0.12135416666666667 0.9526041666666667 0.016666666666666666 0.026041666666666668
0 0.1546875 0.59375 0.014583333333333334 0.0296875
0 0.8609375 0.3203125 0.01875 0.03333333333333333
0 0.5911458333333334 0.6989583333333333 0.021875 0.034375
0 0.88125 0.5166666666666667 0.018229166666666668 0.034375
1 0.71875 0.5625 0.0296875 0.03854166666666667
0 0.521875 0.4609375 0.019791666666666666 0.0328125
0 0.48020833333333335 0.7973958333333333 0.020833333333333332 0.03802083333333333
0 0.7828125 0.16354166666666667 0.017708333333333333 0.028125
0 0.5796875 0.8026041666666667 0.020833333333333332 0.0359375
1 0.5614583333333333 0.29270833333333335 0.027604166666666666 0.04479166666666667
0 0.3802083333333333 0.7354166666666667 0.016145833333333335 0.030208333333333334
0 0.6145833333333334 0.8447916666666667 0.022916666666666665 0.035416666666666666
0 0.6901041666666666 0.09322916666666667 0.01875 0.0328125
0 0.2942708333333333 0.7088541666666667 0.013541666666666667 0.0265625
0 0.490625 0.23385416666666667 0.019791666666666666 0.0328125
0 0.6333333333333333 0.975 0.017708333333333333 0.041666666666666664
1 0.2265625 0.07864583333333333 0.020833333333333332 0.028645833333333332
0 0.6359375 0.6723958333333333 0.021354166666666667 0.03802083333333333
0 0.7348958333333333 0.709375 0.0234375 0.034375
0 0.6734375 0.45989583333333334 0.0171875 0.035416666666666666
0 0.5697916666666667 0.8317708333333333 0.0171875 0.030729166666666665
0 0.8755208333333333 0.41354166666666664 0.022395833333333334 0.0375
0 0.8135416666666667 0.26614583333333336 0.017708333333333333 0.03125
0 0.6479166666666667 0.5432291666666667 0.025 0.034375
0 0.6901041666666666 0.8479166666666667 0.027604166666666666 0.041666666666666664
0 0.7661458333333333 0.05677083333333333 0.022395833333333334 0.034375
1 0.6036458333333333 0.3234375 0.025520833333333333 0.0421875
0 0.9786458333333333 0.8338541666666667 0.025 0.0421875
1 0.6875 0.21927083333333333 0.022395833333333334 0.040625
0 0.6838541666666667 0.15677083333333333 0.022916666666666665 0.04635416666666667
0 0.6171875 0.9307291666666667 0.016666666666666666 0.034895833333333334
1 0.4270833333333333 0.20104166666666667 0.028645833333333332 0.04114583333333333
0 0.6578125 0.24739583333333334 0.0171875 0.03229166666666667
0 0.5963541666666666 0.859375 0.022395833333333334 0.03177083333333333
0 0.878125 0.5963541666666666 0.022916666666666665 0.036458333333333336
0 0.7078125 0.19322916666666667 0.015104166666666667 0.028125
0 0.6546875 0.8942708333333333 0.020833333333333332 0.035416666666666666
0 0.6067708333333334 0.16041666666666668 0.01875 0.034375
0 0.8427083333333333 0.7145833333333333 0.022916666666666665 0.0359375
0 0.7010416666666667 0.309375 0.0171875 0.03854166666666667
0 0.7953125 0.5390625 0.016666666666666666 0.034895833333333334
0 0.6625 0.8046875 0.019791666666666666 0.035416666666666666
0 0.12552083333333333 0.9140625 0.017708333333333333 0.030729166666666665
0 0.7958333333333333 0.7145833333333333 0.025 0.041666666666666664
0 0.5854166666666667 0.5307291666666667 0.0171875 0.0359375
0 0.9078125 0.5390625 0.022916666666666665 0.043229166666666666
0 0.4552083333333333 0.3776041666666667 0.018229166666666668 0.0296875
0 0.4817708333333333 0.8979166666666667 0.015104166666666667 0.029166666666666667
0 0.12135416666666667 0.44375 0.0125 0.028645833333333332
0 0.5213541666666667 0.49375 0.018229166666666668 0.03177083333333333
0 0.8041666666666667 0.5901041666666667 0.016666666666666666 0.04010416666666667
0 0.453125 0.425 0.0171875 0.041666666666666664
0 0.603125 0.925 0.019270833333333334 0.036458333333333336
0 0.353125 0.8265625 0.03333333333333333 0.07083333333333333
0 0.4109375 0.9166666666666666 0.015625 0.03125
0 0.4583333333333333 0.8609375 0.016145833333333335 0.03802083333333333
0 0.29739583333333336 0.6322916666666667 0.015625 0.021354166666666667
0 0.3140625 0.6171875 0.01875 0.0328125
0 0.31145833333333334 0.6578125 0.008854166666666666 0.0265625
0 0.440625 0.6203125 0.015625 0.022916666666666665
0 0.5229166666666667 0.5447916666666667 0.015104166666666667 0.029166666666666667
0 0.4015625 0.30572916666666666 0.017708333333333333 0.042708333333333334
0 0.478125 0.31979166666666664 0.015625 0.03229166666666667
0 0.45625 0.24895833333333334 0.023958333333333335 0.042708333333333334
0 0.35625 0.058854166666666666 0.01875 0.0265625
0 0.428125 0.11614583333333334 0.015625 0.030208333333333334
0 0.12604166666666666 0.5567708333333333 0.018229166666666668 0.03177083333333333
0 0.19583333333333333 0.5135416666666667 0.018229166666666668 0.0359375
0 0.190625 0.5390625 0.016666666666666666 0.022395833333333334
0 0.25729166666666664 0.5427083333333333 0.015625 0.0296875
0 0.24322916666666666 0.5322916666666667 0.01875 0.033854166666666664
0 0.13020833333333334 0.4859375 0.013541666666666667 0.022916666666666665
0 0.13958333333333334 0.43020833333333336 0.0140625 0.03125
0 0.28020833333333334 0.7640625 0.0203125 0.028645833333333332
0 0.396875 0.9677083333333333 0.020833333333333332 0.027083333333333334
0 0.4583333333333333 0.9479166666666666 0.0171875 0.026041666666666668
0 0.40729166666666666 0.8317708333333333 0.009895833333333333 0.016666666666666666
0 0.4505208333333333 0.7046875 0.022395833333333334 0.03333333333333333
0 0.37552083333333336 0.475 0.021354166666666667 0.028125
0 0.30104166666666665 0.38697916666666665 0.021875 0.027083333333333334
0 0.33541666666666664 0.33541666666666664 0.016145833333333335 0.022395833333333334
0 0.30364583333333334 0.4322916666666667 0.011458333333333333 0.01875
0 0.23541666666666666 0.4505208333333333 0.019791666666666666 0.0296875
0 0.18177083333333333 0.45364583333333336 0.015625 0.022916666666666665
0 0.16927083333333334 0.4432291666666667 0.0140625 0.021354166666666667
0 0.3859375 0.5338541666666666 0.016666666666666666 0.019270833333333334
0 0.48333333333333334 0.4328125 0.016666666666666666 0.03802083333333333
0 0.43125 0.43854166666666666 0.019270833333333334 0.027083333333333334
0 0.684375 0.98125 0.025 0.034375
0 0.6994791666666667 0.9671875 0.0234375 0.025
0 0.8088541666666667 0.8427083333333333 0.015625 0.052083333333333336
0 0.7854166666666667 0.7791666666666667 0.018229166666666668 0.03697916666666667
0 0.8880208333333334 0.7338541666666667 0.023958333333333335 0.030208333333333334
0 0.9182291666666667 0.6302083333333334 0.020833333333333332 0.0421875
0 0.9307291666666667 0.7182291666666667 0.025520833333333333 0.033854166666666664
0 0.9104166666666667 0.8489583333333334 0.024479166666666666 0.042708333333333334
0 0.775 0.55 0.025 0.022916666666666665
0 0.7869791666666667 0.565625 0.022916666666666665 0.0234375
0 0.5104166666666666 0.5442708333333334 0.017708333333333333 0.024479166666666666
0 0.5520833333333334 0.35833333333333334 0.021875 0.0328125
0 0.6171875 0.22604166666666667 0.0234375 0.03333333333333333
0 0.6578125 0.17864583333333334 0.01875 0.03125
0 0.6213541666666667 0.08125 0.014583333333333334 0.027083333333333334
0 0.6526041666666667 0.1 0.013020833333333334 0.023958333333333335
0 0.6807291666666667 0.04635416666666667 0.017708333333333333 0.030208333333333334
0 0.4942708333333333 0.6734375 0.017708333333333333 0.035416666666666666
0 0.6854166666666667 0.8807291666666667 0.022916666666666665 0.035416666666666666
0 0.6989583333333333 0.9166666666666666 0.021354166666666667 0.030208333333333334
0 0.24114583333333334 0.8239583333333333 0.019791666666666666 0.025520833333333333
0 0.17708333333333334 0.7557291666666667 0.023958333333333335 0.024479166666666666
0 0.090625 0.8807291666666667 0.016666666666666666 0.0296875
0 0.0796875 0.8583333333333333 0.0140625 0.019791666666666666
0 0.08125 0.7947916666666667 0.015104166666666667 0.028125
0 0.13177083333333334 0.7630208333333334 0.01875 0.029166666666666667
0 0.15104166666666666 0.7270833333333333 0.017708333333333333 0.03697916666666667