0 0.64375 0.159375 0.027604166666666666 0.04114583333333333
0 0.7359375 0.228125 0.030729166666666665 0.04114583333333333
0 0.8072916666666666 0.1859375 0.025 0.046875
1 0.8619791666666666 0.203125 0.06197916666666667 0.03854166666666667
0 0.8729166666666667 0.23958333333333334 0.028645833333333332 0.036458333333333336
0 0.503125 0.2203125 0.025520833333333333 0.04010416666666667
0 0.5932291666666667 0.44166666666666665 0.0234375 0.04635416666666667
0 0.6119791666666666 0.5458333333333333 0.021875 0.04375
0 0.7234375 0.5010416666666667 0.021354166666666667 0.046875
0 0.6317708333333333 0.5807291666666666 0.022395833333333334 0.04895833333333333
0 0.7432291666666667 0.409375 0.025520833333333333 0.0375
0 0.7604166666666666 0.37916666666666665 0.027604166666666666 0.04114583333333333
0 0.5005208333333333 0.07552083333333333 0.019791666666666666 0.03802083333333333
0 0.3296875 0.32395833333333335 0.0265625 0.04010416666666667
0 0.403125 0.5328125 0.027083333333333334 0.050520833333333334
0 0.8755208333333333 0.4239583333333333 0.025 0.04583333333333333
0 0.553125 0.5958333333333333 0.01875 0.030729166666666665
0 0.3614583333333333 0.40572916666666664 0.024479166666666666 0.0484375
1 0.4578125 0.34427083333333336 0.03802083333333333 0.057291666666666664
1 0.5401041666666667 0.33645833333333336 0.03333333333333333 0.03854166666666667
0 0.3098958333333333 0.020833333333333332 0.026041666666666668 0.033854166666666664
0 0.7645833333333333 0.89375 0.0265625 0.044270833333333336
0 0.9161458333333333 0.7765625 0.0265625 0.044270833333333336
0 0.88125 0.778125 0.029166666666666667 0.044270833333333336
0 0.9447916666666667 0.8911458333333333 0.023958333333333335 0.044270833333333336
0 0.6963541666666667 0.8479166666666667 0.018229166666666668 0.04583333333333333
1 0.396875 0.24322916666666666 0.03177083333333333 0.04375
0 0.3390625 0.084375 0.021875 0.0390625
0 0.13229166666666667 0.13802083333333334 0.03125 0.05416666666666667
1 0.24375 0.6979166666666666 0.04010416666666667 0.0734375
1 0.2515625 0.7651041666666667 0.03697916666666667 0.05520833333333333
0 0.14166666666666666 0.19166666666666668 0.030208333333333334 0.035416666666666666
0 0.65 0.8895833333333333 0.027604166666666666 0.034895833333333334
0 0.9203125 0.5078125 0.027604166666666666 0.043229166666666666
0 0.48385416666666664 0.540625 0.020833333333333332 0.04635416666666667
0 0.4322916666666667 0.5666666666666667 0.024479166666666666 0.04791666666666667
0 0.46197916666666666 0.5807291666666666 0.021354166666666667 0.04479166666666667
1 0.24166666666666667 0.20885416666666667 0.0453125 0.05677083333333333
1 0.44479166666666664 0.0484375 0.030208333333333334 0.034375
1 0.2390625 0.43333333333333335 0.019270833333333334 0.0005208333333333333
0 0.8010416666666667 0.440625 0.025520833333333333 0.050520833333333334
0 0.8473958333333333 0.375 0.027083333333333334 0.049479166666666664
1 0.4901041666666667 0.38125 0.025520833333333333 0.04895833333333333
0 0.37395833333333334 0.0453125 0.021875 0.034895833333333334
0 0.3026041666666667 0.14947916666666666 0.023958333333333335 0.04010416666666667
1 0.6484375 0.6447916666666667 0.05364583333333333 0.05520833333333333
1 0.590625 0.35052083333333334 0.0234375 0.04375
0 0.790625 0.23020833333333332 0.027083333333333334 0.051041666666666666
0 0.5489583333333333 0.1515625 0.027604166666666666 0.04635416666666667
0 0.246875 0.10052083333333334 0.022916666666666665 0.04375
1 0.5625 0.3932291666666667 0.033854166666666664 0.0703125
0 0.58125 0.022395833333333334 0.028125 0.03958333333333333
1 0.8859375 0.3 0.028125 0.053125
1 0.63125 0.20885416666666667 0.0359375 0.05572916666666667
0 0.38125 0.14322916666666666 0.027604166666666666 0.0421875
0 0.5770833333333333 0.175 0.027083333333333334 0.04010416666666667
0 0.4265625 0.32864583333333336 0.023958333333333335 0.04114583333333333
0 0.5885416666666666 0.2682291666666667 0.023958333333333335 0.0453125
1 0.975 0.27447916666666666 0.043229166666666666 0.07135416666666666
0 0.828125 0.5234375 0.028645833333333332 0.0453125
1 0.6447916666666667 0.029166666666666667 0.028645833333333332 0.0421875
0 0.7 0.634375 0.023958333333333335 0.0421875
0 0.9020833333333333 0.146875 0.0265625 0.041666666666666664
0 0.5651041666666666 0.2760416666666667 0.019791666666666666 0.03697916666666667
0 0.8166666666666667 0.7916666666666666 0.025 0.04635416666666667
1 0.8828125 0.4796875 0.04635416666666667 0.04479166666666667
1 0.9786458333333333 0.45729166666666665 0.028645833333333332 0.06197916666666667
1 0.7739583333333333 0.5223958333333333 0.043229166666666666 0.08385416666666666
1 0.2786458333333333 0.2755208333333333 0.03802083333333333 0.07083333333333333
0 0.34322916666666664 0.42552083333333335 0.025 0.0453125
0 0.3182291666666667 0.3776041666666667 0.025 0.05
1 0.23958333333333334 0.8265625 0.05260416666666667 0.0625
0 0.8979166666666667 0.0390625 0.027604166666666666 0.040625
1 0.7723958333333333 0.7458333333333333 0.04739583333333333 0.04479166666666667
1 0.8927083333333333 0.5463541666666667 0.03229166666666667 0.0734375
1 0.2140625 0.9296875 0.059375 0.07864583333333333
1 0.33541666666666664 0.1859375 0.025 0.06666666666666667
0 0.29583333333333334 0.08072916666666667 0.020833333333333332 0.033854166666666664
1 0.7697916666666667 0.10208333333333333 0.051041666666666666 0.08645833333333333
0 0.16510416666666666 0.4078125 0.014583333333333334 0.027604166666666666
0 0.7265625 0.546875 0.034375 0.04791666666666667
0 0.5802083333333333 0.7916666666666666 0.036458333333333336 0.05260416666666667
0 0.5958333333333333 0.6734375 0.0359375 0.052083333333333336
0 0.15416666666666667 0.8333333333333334 0.0296875 0.04635416666666667
0 0.13802083333333334 0.871875 0.03854166666666667 0.058854166666666666
0 0.12708333333333333 0.7625 0.03958333333333333 0.05416666666666667
0 0.16875 0.484375 0.03802083333333333 0.058854166666666666
0 0.0484375 0.5 0.0375 0.05677083333333333
0 0.22864583333333333 0.29270833333333335 0.0296875 0.04010416666666667
0 0.2796875 0.3421875 0.033854166666666664 0.049479166666666664
0 0.23645833333333333 0.240625 0.022916666666666665 0.034895833333333334
0 0.40989583333333335 0.1125 0.030208333333333334 0.04739583333333333
0 0.4161458333333333 0.1890625 0.025 0.033854166666666664
0 0.846875 0.6359375 0.033854166666666664 0.06197916666666667
0 0.8270833333333333 0.08125 0.026041666666666668 0.05
0 0.5270833333333333 0.17708333333333334 0.0203125 0.034895833333333334
0 0.6296875 0.12291666666666666 0.022916666666666665 0.0421875
0 0.7104166666666667 0.8989583333333333 0.03333333333333333 0.06614583333333333
0 0.8833333333333333 0.8921875 0.027604166666666666 0.04791666666666667
0 0.7447916666666666 0.2875 0.022395833333333334 0.05520833333333333
0 0.090625 0.76875 0.0328125 0.049479166666666664
0 0.7364583333333333 0.6984375 0.034895833333333334 0.04739583333333333
0 0.9734375 0.7182291666666667 0.027083333333333334 0.0484375