0 0.8265625 0.2359375 0.036458333333333336 0.053125
0 0.35833333333333334 0.43802083333333336 0.027604166666666666 0.05
0 0.3453125 0.29270833333333335 0.025520833333333333 0.044270833333333336
0 0.41822916666666665 0.28541666666666665 0.0265625 0.033854166666666664
0 0.5015625 0.7942708333333334 0.03229166666666667 0.051041666666666666
1 0.18645833333333334 0.45260416666666664 0.027083333333333334 0.08645833333333333
0 0.2864583333333333 0.4630208333333333 0.025 0.044270833333333336
0 0.3328125 0.8213541666666667 0.030208333333333334 0.04895833333333333
0 0.48541666666666666 0.36875 0.030729166666666665 0.049479166666666664
0 0.3645833333333333 0.24739583333333334 0.023958333333333335 0.0421875
0 0.4354166666666667 0.8984375 0.033854166666666664 0.0578125
0 0.23385416666666667 0.2765625 0.022395833333333334 0.04375
0 0.265625 0.5838541666666667 0.027083333333333334 0.05364583333333333
0 0.3614583333333333 0.8520833333333333 0.029166666666666667 0.05364583333333333
0 0.20729166666666668 0.6984375 0.021354166666666667 0.042708333333333334
0 0.39479166666666665 0.8416666666666667 0.030208333333333334 0.05260416666666667
0 0.328125 0.746875 0.0296875 0.0515625
0 0.2916666666666667 0.8286458333333333 0.0265625 0.0484375
0 0.32916666666666666 0.3380208333333333 0.021354166666666667 0.0359375
0 0.328125 0.39427083333333335 0.024479166666666666 0.04375
0 0.4973958333333333 0.6026041666666667 0.027083333333333334 0.03958333333333333
0 0.3729166666666667 0.9609375 0.030208333333333334 0.046875
0 0.5822916666666667 0.39375 0.026041666666666668 0.0484375
0 0.3359375 0.975 0.028645833333333332 0.049479166666666664
0 0.6036458333333333 0.4703125 0.033854166666666664 0.05572916666666667
0 0.21458333333333332 0.23072916666666668 0.022395833333333334 0.04583333333333333
0 0.303125 0.3958333333333333 0.022916666666666665 0.041666666666666664
0 0.240625 0.15052083333333333 0.021354166666666667 0.04583333333333333
0 0.4671875 0.3104166666666667 0.03125 0.049479166666666664
0 0.4510416666666667 0.4453125 0.023958333333333335 0.05
0 0.5041666666666667 0.10260416666666666 0.030208333333333334 0.04895833333333333
0 0.5447916666666667 0.3072916666666667 0.033854166666666664 0.05572916666666667
0 0.9182291666666667 0.17239583333333333 0.03229166666666667 0.0625
0 0.459375 0.7286458333333333 0.028645833333333332 0.051041666666666666
0 0.2765625 0.40572916666666664 0.0234375 0.04375
0 0.3734375 0.4979166666666667 0.024479166666666666 0.04791666666666667
0 0.24947916666666667 0.8447916666666667 0.027604166666666666 0.0421875
0 0.9765625 0.23697916666666666 0.025 0.0578125
0 0.6505208333333333 0.5697916666666667 0.026041666666666668 0.058333333333333334
0 0.6557291666666667 0.70625 0.033854166666666664 0.0609375
0 0.4640625 0.265625 0.028125 0.053125
0 0.08333333333333333 0.35 0.0203125 0.0375
0 0.4739583333333333 0.9395833333333333 0.035416666666666666 0.05364583333333333
0 0.68125 0.8130208333333333 0.025 0.05572916666666667
1 0.6369791666666667 0.8713541666666667 0.0390625 0.10572916666666667
0 0.3958333333333333 0.421875 0.035416666666666666 0.051041666666666666
0 0.38958333333333334 0.2994791666666667 0.0296875 0.0359375
0 0.7755208333333333 0.3229166666666667 0.03177083333333333 0.0640625
0 0.9229166666666667 0.3953125 0.0359375 0.0609375
0 0.8734375 0.28125 0.03854166666666667 0.04010416666666667
0 0.030729166666666665 0.33125 0.022395833333333334 0.03854166666666667
0 0.0796875 0.4390625 0.0234375 0.041666666666666664
0 0.5354166666666667 0.7484375 0.0296875 0.0515625
0 0.13802083333333334 0.259375 0.0234375 0.0484375
1 0.2453125 0.6317708333333333 0.028645833333333332 0.059375
0 0.059375 0.353125 0.016666666666666666 0.030208333333333334
0 0.5197916666666667 0.39947916666666666 0.028645833333333332 0.05
0 0.6765625 0.9567708333333333 0.03333333333333333 0.057291666666666664
0 0.35885416666666664 0.6885416666666667 0.027604166666666666 0.05260416666666667
0 0.8171875 0.5807291666666666 0.033854166666666664 0.05364583333333333
0 0.6020833333333333 0.7109375 0.029166666666666667 0.04791666666666667
0 0.3921875 0.33958333333333335 0.028645833333333332 0.04635416666666667
0 0.49895833333333334 0.4473958333333333 0.03333333333333333 0.05677083333333333
0 0.3182291666666667 0.196875 0.029166666666666667 0.05260416666666667
0 0.5375 0.15520833333333334 0.03229166666666667 0.0578125
0 0.2328125 0.9682291666666667 0.04635416666666667 0.06302083333333333
0 0.46458333333333335 0.8036458333333333 0.030208333333333334 0.05364583333333333
0 0.63125 0.35625 0.027083333333333334 0.040625
1 0.25729166666666664 0.23020833333333332 0.0390625 0.0578125
0 0.6432291666666666 0.20729166666666668 0.034895833333333334 0.0578125
0 0.7979166666666667 0.15572916666666667 0.0375 0.057291666666666664
0 0.203125 0.778125 0.026041666666666668 0.04635416666666667
0 0.6880208333333333 0.071875 0.0296875 0.04583333333333333
0 0.8114583333333333 0.8109375 0.030729166666666665 0.041666666666666664
0 0.7572916666666667 0.8802083333333334 0.044270833333333336 0.06927083333333334
0 0.15677083333333333 0.16458333333333333 0.022916666666666665 0.036458333333333336
0 0.15052083333333333 0.35833333333333334 0.025520833333333333 0.0375
0 0.18958333333333333 0.8119791666666667 0.025 0.03854166666666667
0 0.21979166666666666 0.8744791666666667 0.027604166666666666 0.04479166666666667
0 0.9125 0.9109375 0.03333333333333333 0.051041666666666666
0 0.28125 0.9104166666666667 0.025 0.03958333333333333
0 0.765625 0.4588541666666667 0.0359375 0.06614583333333333
0 0.8973958333333333 0.044270833333333336 0.0328125 0.058854166666666666
0 0.8463541666666666 0.16614583333333333 0.0265625 0.06197916666666667
0 0.35625 0.15416666666666667 0.0296875 0.04583333333333333
0 0.8953125 0.7421875 0.034895833333333334 0.0546875
0 0.9078125 0.9703125 0.034895833333333334 0.059375
1 0.8822916666666667 0.8296875 0.06041666666666667 0.059895833333333336
0 0.7 0.20729166666666668 0.03125 0.0515625
0 0.07083333333333333 0.30885416666666665 0.0203125 0.03697916666666667
0 0.46822916666666664 0.0875 0.028125 0.03802083333333333
0 0.6296875 0.28020833333333334 0.03802083333333333 0.0421875
0 0.5619791666666667 0.9333333333333333 0.04635416666666667 0.07447916666666667
0 0.29739583333333336 0.7880208333333333 0.019270833333333334 0.0421875
0 0.175 0.8583333333333333 0.03333333333333333 0.08697916666666666
0 0.715625 0.4744791666666667 0.035416666666666666 0.06041666666666667
0 0.9875 0.315625 0.025 0.06458333333333334
0 0.8479166666666667 0.1046875 0.03333333333333333 0.035416666666666666
0 0.7166666666666667 0.9302083333333333 0.0296875 0.0421875
0 0.6317708333333333 0.7713541666666667 0.0234375 0.05
0 0.6447916666666667 0.15729166666666666 0.028125 0.05
0 0.565625 0.15729166666666666 0.03177083333333333 0.028125
1 0.246875 0.33697916666666666 0.08125 0.065625
1 0.23802083333333332 0.4192708333333333 0.046875 0.043229166666666666
1 0.4119791666666667 0.5557291666666667 0.05364583333333333 0.10208333333333333
0 0.09114583333333333 0.28125 0.017708333333333333 0.03802083333333333
0 0.14635416666666667 0.1375 0.018229166666666668 0.025520833333333333
1 0.19739583333333333 0.10260416666666666 0.034375 0.05364583333333333
1 0.59375 0.04479166666666667 0.04479166666666667 0.05677083333333333
1 0.37083333333333335 0.7505208333333333 0.03697916666666667 0.04739583333333333
0 0.43854166666666666 0.7583333333333333 0.033854166666666664 0.049479166666666664
0 0.4479166666666667 0.6984375 0.034375 0.04375
0 0.6692708333333334 0.865625 0.030729166666666665 0.058854166666666666
1 0.3307291666666667 0.5713541666666667 0.065625 0.19114583333333332
0 0.7984375 0.7 0.0421875 0.06666666666666667
1 0.16770833333333332 0.6171875 0.0265625 0.07708333333333334
1 0.4635416666666667 0.49895833333333334 0.034375 0.04375
1 0.1171875 0.09270833333333334 0.03125 0.10572916666666667
0 0.07239583333333334 0.5614583333333333 0.014583333333333334 0.0296875
0 0.03697916666666667 0.771875 0.022395833333333334 0.041666666666666664
0 0.12916666666666668 0.37395833333333334 0.0109375 0.019270833333333334
0 0.04583333333333333 0.2911458333333333 0.018229166666666668 0.029166666666666667
0 0.06145833333333333 0.25 0.023958333333333335 0.034375
0 0.7911458333333333 0.6390625 0.0296875 0.059375
0 0.07239583333333334 0.13020833333333334 0.0234375 0.029166666666666667
0 0.5307291666666667 0.058333333333333334 0.015104166666666667 0.025
0 0.41302083333333334 0.06145833333333333 0.020833333333333332 0.0421875
0 0.3875 0.625 0.028645833333333332 0.05625
0 0.534375 0.5286458333333334 0.033854166666666664 0.05677083333333333
0 0.3072916666666667 0.32135416666666666 0.0234375 0.0421875
0 0.6114583333333333 0.24270833333333333 0.0359375 0.06197916666666667
0 0.1 0.4609375 0.0203125 0.0390625
0 0.03958333333333333 0.4161458333333333 0.0203125 0.0296875
0 0.07239583333333334 0.959375 0.022395833333333334 0.027083333333333334
0 0.5510416666666667 0.029166666666666667 0.03333333333333333 0.0359375
0 0.44895833333333335 0.17395833333333333 0.018229166666666668 0.0234375
0 0.11770833333333333 0.24583333333333332 0.019270833333333334 0.0328125
0 0.044270833333333336 0.215625 0.022916666666666665 0.03333333333333333
0 0.18072916666666666 0.16875 0.017708333333333333 0.027604166666666666