0 0.6791666666666667 0.6265625 0.041666666666666664 0.071875
0 0.6885416666666667 0.44375 0.035416666666666666 0.06510416666666667
0 0.728125 0.59375 0.033854166666666664 0.0609375
0 0.7557291666666667 0.46875 0.0390625 0.05572916666666667
0 0.46979166666666666 0.6010416666666667 0.033854166666666664 0.0578125
0 0.40625 0.6947916666666667 0.03958333333333333 0.07083333333333333
0 0.3484375 0.7171875 0.034375 0.0640625
0 0.18645833333333334 0.1625 0.03333333333333333 0.051041666666666666
0 0.47239583333333335 0.7390625 0.043229166666666666 0.059375
0 0.603125 0.8307291666666666 0.0375 0.06510416666666667
1 0.6229166666666667 0.7619791666666667 0.033854166666666664 0.07239583333333334
1 0.3984375 0.534375 0.06927083333333334 0.12447916666666667
1 0.33229166666666665 0.05625 0.0375 0.07239583333333334
0 0.20729166666666668 0.39166666666666666 0.0328125 0.05364583333333333
0 0.315625 0.85 0.03958333333333333 0.06666666666666667
0 0.2765625 0.825 0.04010416666666667 0.057291666666666664
0 0.6640625 0.29739583333333336 0.034375 0.058333333333333334
0 0.775 0.22447916666666667 0.03229166666666667 0.0453125
0 0.9729166666666667 0.609375 0.033854166666666664 0.0625
0 0.7640625 0.5760416666666667 0.028125 0.058854166666666666
0 0.5385416666666667 0.8552083333333333 0.0390625 0.0671875
0 0.2677083333333333 0.225 0.03125 0.05572916666666667
0 0.2 0.08125 0.028125 0.049479166666666664
0 0.096875 0.9557291666666666 0.0390625 0.058333333333333334
0 0.55 0.465625 0.03697916666666667 0.06458333333333334
0 0.7119791666666667 0.7609375 0.033854166666666664 0.03958333333333333
0 0.30833333333333335 0.4046875 0.026041666666666668 0.0671875
0 0.30572916666666666 0.6109375 0.034895833333333334 0.040625
0 0.043229166666666666 0.41458333333333336 0.033854166666666664 0.059895833333333336
0 0.12708333333333333 0.5994791666666667 0.042708333333333334 0.04739583333333333
0 0.15208333333333332 0.6666666666666666 0.029166666666666667 0.06510416666666667
0 0.0484375 0.190625 0.028645833333333332 0.051041666666666666
0 0.621875 0.43854166666666666 0.027604166666666666 0.05677083333333333
0 0.590625 0.41041666666666665 0.035416666666666666 0.05260416666666667
1 0.5953125 0.4708333333333333 0.034895833333333334 0.05625
0 0.36770833333333336 0.8380208333333333 0.03697916666666667 0.07760416666666667
1 0.8625 0.396875 0.03958333333333333 0.071875
0 0.7901041666666667 0.07083333333333333 0.018229166666666668 0.0421875
1 0.5130208333333334 0.5833333333333334 0.0484375 0.06666666666666667
0 0.046875 0.7916666666666666 0.040625 0.0703125
0 0.3463541666666667 0.2484375 0.03229166666666667 0.057291666666666664
0 0.44427083333333334 0.2 0.028645833333333332 0.03854166666666667
0 0.6682291666666667 0.1375 0.034375 0.05677083333333333
0 0.6338541666666667 0.24114583333333334 0.028645833333333332 0.06197916666666667
0 0.815625 0.3109375 0.028645833333333332 0.029166666666666667
0 0.7052083333333333 0.959375 0.028645833333333332 0.050520833333333334
0 0.3854166666666667 0.9 0.034895833333333334 0.07239583333333334
0 0.096875 0.39895833333333336 0.028645833333333332 0.03854166666666667
0 0.10208333333333333 0.35833333333333334 0.03177083333333333 0.041666666666666664
1 0.146875 0.34322916666666664 0.04791666666666667 0.0734375
1 0.10520833333333333 0.159375 0.050520833333333334 0.08385416666666666
0 0.08645833333333333 0.203125 0.028125 0.049479166666666664
0 0.2520833333333333 0.17916666666666667 0.022395833333333334 0.03958333333333333
0 0.23489583333333333 0.044270833333333336 0.027083333333333334 0.03854166666666667
0 0.3645833333333333 0.04583333333333333 0.025520833333333333 0.03958333333333333
0 0.5296875 0.9270833333333334 0.03958333333333333 0.08333333333333333
0 0.7197916666666667 0.371875 0.030208333333333334 0.0640625
0 0.8963541666666667 0.6333333333333333 0.03958333333333333 0.090625
1 0.2791666666666667 0.4973958333333333 0.075 0.06041666666666667
0 0.834375 0.26510416666666664 0.030208333333333334 0.050520833333333334
0 0.09635416666666667 0.3125 0.028645833333333332 0.0515625
0 0.60625 0.121875 0.033854166666666664 0.05416666666666667
0 0.16770833333333332 0.2484375 0.0359375 0.06145833333333333
0 0.4317708333333333 0.7734375 0.0421875 0.07239583333333334
0 0.4588541666666667 0.6609375 0.040625 0.06197916666666667
0 0.20833333333333334 0.036458333333333336 0.025520833333333333 0.0390625
0 0.5140625 0.7916666666666666 0.041666666666666664 0.07395833333333333
0 0.35104166666666664 0.9609375 0.04114583333333333 0.071875
0 0.7322916666666667 0.8859375 0.04010416666666667 0.06510416666666667
0 0.5557291666666667 0.3463541666666667 0.03177083333333333 0.065625
0 0.5114583333333333 0.4765625 0.034895833333333334 0.06302083333333333
0 0.4588541666666667 0.8854166666666666 0.04791666666666667 0.06822916666666666
0 0.6348958333333333 0.18385416666666668 0.0328125 0.05260416666666667
0 0.30572916666666666 0.18645833333333334 0.033854166666666664 0.04895833333333333
0 0.37083333333333335 0.10364583333333334 0.028125 0.058854166666666666
0 0.3802083333333333 0.15885416666666666 0.0265625 0.049479166666666664
0 0.4109375 0.18958333333333333 0.022395833333333334 0.03177083333333333
0 0.43020833333333336 0.13697916666666668 0.027083333333333334 0.052083333333333336
0 0.5609375 0.12864583333333332 0.0234375 0.08177083333333333
0 0.6046875 0.16927083333333334 0.033854166666666664 0.0421875
0 0.5963541666666666 0.07916666666666666 0.016145833333333335 0.043229166666666666
0 0.6630208333333333 0.1859375 0.021875 0.049479166666666664
0 0.8234375 0.41875 0.027083333333333334 0.0640625
0 0.26145833333333335 0.5614583333333333 0.03229166666666667 0.044270833333333336
0 0.3375 0.6463541666666667 0.023958333333333335 0.029166666666666667
0 0.059375 0.12083333333333333 0.025 0.059895833333333336
0 0.3776041666666667 0.2515625 0.03177083333333333 0.04895833333333333
0 0.8197916666666667 0.9375 0.0390625 0.10520833333333333
0 0.8244791666666667 0.8197916666666667 0.050520833333333334 0.08020833333333334
0 0.7479166666666667 0.9635416666666666 0.03802083333333333 0.06041666666666667
0 0.7713541666666667 0.9411458333333333 0.04010416666666667 0.06197916666666667
0 0.31354166666666666 0.31979166666666664 0.0421875 0.04479166666666667
0 0.3171875 0.28072916666666664 0.027604166666666666 0.0484375
0 0.23697916666666666 0.415625 0.024479166666666666 0.05625
0 0.06041666666666667 0.25 0.028645833333333332 0.052083333333333336
0 0.9895833333333334 0.17447916666666666 0.020833333333333332 0.07135416666666666
0 0.8947916666666667 0.21614583333333334 0.03802083333333333 0.07395833333333333
0 0.8166666666666667 0.028645833333333332 0.034375 0.057291666666666664
0 0.29635416666666664 0.7177083333333333 0.04010416666666667 0.0828125
0 0.275 0.7427083333333333 0.03229166666666667 0.06510416666666667
0 0.2484375 0.8291666666666667 0.0375 0.075