0 0.7526041666666666 0.9145833333333333 0.0609375 0.08854166666666667
0 0.27760416666666665 0.8 0.065625 0.1
0 0.3145833333333333 0.23541666666666666 0.05572916666666667 0.07864583333333333
0 0.4432291666666667 0.540625 0.040625 0.0625
0 0.4796875 0.6125 0.0484375 0.07708333333333334
0 0.4317708333333333 0.6255208333333333 0.053125 0.0921875
0 0.7520833333333333 0.7145833333333333 0.0484375 0.09635416666666667
0 0.6041666666666666 0.653125 0.05 0.08020833333333334
0 0.6671875 0.6541666666666667 0.0484375 0.075
0 0.7046875 0.2421875 0.050520833333333334 0.10260416666666666
0 0.5697916666666667 0.15989583333333332 0.059895833333333336 0.0828125
0 0.5666666666666667 0.06458333333333334 0.0703125 0.0921875
0 0.7859375 0.4630208333333333 0.05260416666666667 0.1
0 0.13177083333333334 0.17760416666666667 0.051041666666666666 0.0625
0 0.15364583333333334 0.22291666666666668 0.0546875 0.07239583333333334