0 0.6994791666666667 0.32135416666666666 0.04114583333333333 0.057291666666666664
0 0.78125 0.378125 0.0421875 0.05260416666666667
0 0.6526041666666667 0.16041666666666668 0.023958333333333335 0.06875
0 0.6776041666666667 0.16197916666666667 0.03697916666666667 0.0609375
0 0.8067708333333333 0.1890625 0.034375 0.06354166666666666
0 0.9010416666666666 0.10572916666666667 0.0359375 0.06666666666666667
0 0.4359375 0.4947916666666667 0.0453125 0.078125
0 0.24010416666666667 0.6375 0.036458333333333336 0.07864583333333333
0 0.24375 0.584375 0.05364583333333333 0.0421875
0 0.28229166666666666 0.5338541666666666 0.043229166666666666 0.06770833333333333
0 0.21041666666666667 0.46458333333333335 0.04114583333333333 0.05520833333333333
0 0.26145833333333335 0.44895833333333335 0.041666666666666664 0.07239583333333334
0 0.3958333333333333 0.37135416666666665 0.0375 0.07604166666666666
0 0.359375 0.26666666666666666 0.0328125 0.0625
0 0.3546875 0.353125 0.026041666666666668 0.0578125
0 0.44114583333333335 0.33697916666666666 0.030208333333333334 0.06302083333333333
0 0.734375 0.546875 0.0390625 0.06770833333333333
0 0.20104166666666667 0.23697916666666666 0.03229166666666667 0.057291666666666664
0 0.19270833333333334 0.39791666666666664 0.027604166666666666 0.06666666666666667
0 0.28489583333333335 0.278125 0.028125 0.065625
0 0.565625 0.45416666666666666 0.03958333333333333 0.06875
0 0.7239583333333334 0.16197916666666667 0.03125 0.05
0 0.8682291666666667 0.39479166666666665 0.03333333333333333 0.0625
0 0.4739583333333333 0.7864583333333334 0.0390625 0.07239583333333334
0 0.7630208333333334 0.13385416666666666 0.023958333333333335 0.050520833333333334
0 0.7364583333333333 0.3984375 0.04583333333333333 0.07135416666666666
0 0.9572916666666667 0.475 0.03177083333333333 0.06041666666666667
0 0.5416666666666666 0.6171875 0.0390625 0.06875
0 0.7526041666666666 0.7364583333333333 0.04114583333333333 0.059895833333333336
0 0.44479166666666664 0.8588541666666667 0.03697916666666667 0.0609375
0 0.16822916666666668 0.8067708333333333 0.036458333333333336 0.06927083333333334
0 0.4125 0.8098958333333334 0.036458333333333336 0.041666666666666664
0 0.0703125 0.5770833333333333 0.034375 0.06041666666666667
0 0.3770833333333333 0.6645833333333333 0.04635416666666667 0.07135416666666666
0 0.49270833333333336 0.928125 0.029166666666666667 0.06302083333333333
0 0.6505208333333333 0.33229166666666665 0.036458333333333336 0.0578125
0 0.8067708333333333 0.5036458333333333 0.030729166666666665 0.058854166666666666
0 0.4796875 0.6020833333333333 0.03802083333333333 0.06875
0 0.3692708333333333 0.78125 0.03177083333333333 0.06145833333333333
0 0.5619791666666667 0.5192708333333333 0.03802083333333333 0.065625
0 0.2520833333333333 0.9234375 0.036458333333333336 0.07083333333333333
0 0.35885416666666664 0.5432291666666667 0.030208333333333334 0.0625
0 0.7036458333333333 0.7234375 0.03697916666666667 0.07291666666666667
0 0.7833333333333333 0.3125 0.030208333333333334 0.0390625
0 0.15208333333333332 0.6161458333333333 0.0453125 0.0859375
0 0.6354166666666666 0.5463541666666667 0.0390625 0.06666666666666667
0 0.18229166666666666 0.9078125 0.03333333333333333 0.0640625
0 0.49114583333333334 0.2515625 0.025 0.06302083333333333
0 0.8171875 0.09375 0.028125 0.05
0 0.2520833333333333 0.184375 0.04114583333333333 0.07760416666666667
0 0.3848958333333333 0.9026041666666667 0.0265625 0.0640625
0 0.2265625 0.3536458333333333 0.04635416666666667 0.08385416666666666
0 0.09322916666666667 0.4010416666666667 0.033854166666666664 0.08177083333333333
0 0.3880208333333333 0.5328125 0.034375 0.06614583333333333
0 0.7359375 0.0515625 0.026041666666666668 0.04375
0 0.0953125 0.7734375 0.03697916666666667 0.0625
0 0.5640625 0.8583333333333333 0.040625 0.06197916666666667
0 0.8786458333333333 0.684375 0.0359375 0.0421875
0 0.5229166666666667 0.3015625 0.029166666666666667 0.05260416666666667
0 0.05364583333333333 0.4244791666666667 0.03802083333333333 0.07135416666666666
0 0.6166666666666667 0.7166666666666667 0.03333333333333333 0.058854166666666666
0 0.39375 0.04010416666666667 0.0375 0.08020833333333334
0 0.25729166666666664 0.07760416666666667 0.03697916666666667 0.0515625
0 0.096875 0.31145833333333334 0.03333333333333333 0.030208333333333334
0 0.04791666666666667 0.04739583333333333 0.027083333333333334 0.0359375
0 0.071875 0.50625 0.025 0.0640625
0 0.5119791666666667 0.8734375 0.040625 0.06145833333333333
0 0.8098958333333334 0.6932291666666667 0.044270833333333336 0.04635416666666667
0 0.784375 0.5598958333333334 0.03125 0.05364583333333333
0 0.8541666666666666 0.2984375 0.019270833333333334 0.04114583333333333
0 0.8317708333333333 0.24322916666666666 0.021875 0.057291666666666664
0 0.7979166666666667 0.11302083333333333 0.030729166666666665 0.044270833333333336
0 0.5526041666666667 0.04739583333333333 0.033854166666666664 0.050520833333333334
0 0.5609375 0.13020833333333334 0.034375 0.0640625
0 0.09322916666666667 0.24895833333333334 0.034895833333333334 0.042708333333333334
0 0.06822916666666666 0.978125 0.044270833333333336 0.0375
0 0.41875 0.9666666666666667 0.03802083333333333 0.06666666666666667
0 0.6880208333333333 0.9151041666666667 0.03854166666666667 0.059895833333333336
1 0.7609375 0.8015625 0.049479166666666664 0.06666666666666667
1 0.40677083333333336 0.16458333333333333 0.05520833333333333 0.065625
1 0.6036458333333333 0.228125 0.04739583333333333 0.08229166666666667
1 0.9302083333333333 0.1953125 0.05364583333333333 0.0609375
1 0.8739583333333333 0.20104166666666667 0.05364583333333333 0.06875
0 0.8411458333333334 0.8151041666666666 0.0421875 0.0859375
0 0.1296875 0.3885416666666667 0.033854166666666664 0.06979166666666667
0 0.46458333333333335 0.7052083333333333 0.04375 0.04739583333333333
0 0.6739583333333333 0.8526041666666667 0.035416666666666666 0.0390625
0 0.421875 0.015625 0.034895833333333334 0.03125
0 0.6640625 0.08333333333333333 0.021354166666666667 0.0375
0 0.3067708333333333 0.365625 0.04635416666666667 0.08333333333333333
0 0.3145833333333333 0.05416666666666667 0.025 0.034375
0 0.20729166666666668 0.28958333333333336 0.03125 0.05260416666666667
1 0.7921875 0.628125 0.057291666666666664 0.07135416666666666
0 0.759375 0.9036458333333334 0.036458333333333336 0.04479166666666667
0 0.15885416666666666 0.10885416666666667 0.035416666666666666 0.06458333333333334
0 0.8432291666666667 0.3458333333333333 0.025 0.049479166666666664
0 0.9770833333333333 0.23854166666666668 0.026041666666666668 0.071875
0 0.9333333333333333 0.7546875 0.021354166666666667 0.059375
0 0.9140625 0.8182291666666667 0.036458333333333336 0.04114583333333333
0 0.8130208333333333 0.9411458333333333 0.020833333333333332 0.03333333333333333
0 0.428125 0.740625 0.0265625 0.07760416666666667
0 0.50625 0.6239583333333333 0.021354166666666667 0.06979166666666667
0 0.4734375 0.5333333333333333 0.03229166666666667 0.059375
1 0.4895833333333333 0.1421875 0.06458333333333334 0.1109375
0 0.12864583333333332 0.7270833333333333 0.030208333333333334 0.06197916666666667
0 0.3078125 0.12291666666666666 0.024479166666666666 0.049479166666666664
1 0.340625 0.14479166666666668 0.05416666666666667 0.115625
0 0.31354166666666666 0.828125 0.04791666666666667 0.0453125
0 0.3203125 0.8677083333333333 0.046875 0.03958333333333333
1 0.9489583333333333 0.5567708333333333 0.050520833333333334 0.08697916666666666
0 0.6244791666666667 0.9708333333333333 0.04479166666666667 0.05260416666666667
0 0.26979166666666665 0.215625 0.027604166666666666 0.057291666666666664
0 0.5026041666666666 0.5244791666666667 0.042708333333333334 0.08177083333333333
1 0.49114583333333334 0.39375 0.06354166666666666 0.07604166666666666
0 0.3385416666666667 0.7442708333333333 0.0453125 0.06822916666666666
0 0.5291666666666667 0.7979166666666667 0.0625 0.10989583333333333
1 0.6494791666666667 0.46145833333333336 0.05625 0.058333333333333334
0 0.6276041666666666 0.38385416666666666 0.03177083333333333 0.06614583333333333
0 0.6557291666666667 0.38385416666666666 0.03177083333333333 0.0484375