0 0.7265625 0.37447916666666664 0.0609375 0.11927083333333334
0 0.22291666666666668 0.7291666666666666 0.03697916666666667 0.065625
0 0.6348958333333333 0.5916666666666667 0.049479166666666664 0.0875
0 0.7135416666666666 0.7192708333333333 0.04375 0.0828125
0 0.1890625 0.3859375 0.04375 0.075
0 0.1515625 0.33697916666666666 0.0390625 0.059375
0 0.24479166666666666 0.38333333333333336 0.03697916666666667 0.06354166666666666
0 0.321875 0.6 0.05572916666666667 0.08854166666666667
1 0.6890625 0.14739583333333334 0.10416666666666667 0.1453125
0 0.134375 0.6578125 0.033854166666666664 0.06302083333333333
0 0.2598958333333333 0.3078125 0.04895833333333333 0.09010416666666667
0 0.8182291666666667 0.7510416666666667 0.035416666666666666 0.0703125
0 0.7760416666666666 0.8786458333333333 0.04791666666666667 0.08333333333333333
0 0.6802083333333333 0.9411458333333333 0.027604166666666666 0.04635416666666667
0 0.027083333333333334 0.6578125 0.04114583333333333 0.06041666666666667
0 0.4546875 0.3015625 0.07239583333333334 0.10260416666666666
0 0.7927083333333333 0.6755208333333333 0.04583333333333333 0.059375
0 0.7755208333333333 0.0828125 0.07708333333333334 0.09114583333333333
0 0.4171875 0.09791666666666667 0.06927083333333334 0.10364583333333334
0 0.19427083333333334 0.2265625 0.06770833333333333 0.12447916666666667
0 0.42552083333333335 0.75625 0.05416666666666667 0.08229166666666667
0 0.18802083333333333 0.8203125 0.04583333333333333 0.06666666666666667
0 0.10729166666666666 0.44947916666666665 0.06822916666666666 0.12552083333333333
0 0.3572916666666667 0.44427083333333334 0.07447916666666667 0.08802083333333334
0 0.2953125 0.37864583333333335 0.07291666666666667 0.1140625