0 0.18802083333333333 0.31875 0.07447916666666667 0.14895833333333333
0 0.23802083333333332 0.5395833333333333 0.036458333333333336 0.07864583333333333
0 0.37916666666666665 0.12291666666666666 0.08125 0.1421875
0 0.3203125 0.0421875 0.033854166666666664 0.058854166666666666
0 0.6515625 0.31354166666666666 0.0796875 0.09322916666666667
0 0.30052083333333335 0.9572916666666667 0.0953125 0.08541666666666667
0 0.4703125 0.8807291666666667 0.057291666666666664 0.109375
0 0.37864583333333335 0.5546875 0.06354166666666666 0.09791666666666667
0 0.43802083333333336 0.5984375 0.057291666666666664 0.13020833333333334
0 0.3671875 0.3265625 0.053125 0.1125
0 0.41302083333333334 0.4192708333333333 0.059895833333333336 0.10572916666666667
0 0.46510416666666665 0.4890625 0.05572916666666667 0.0890625
0 0.7583333333333333 0.4427083333333333 0.0546875 0.10416666666666667
1 0.26197916666666665 0.43072916666666666 0.10520833333333333 0.12083333333333333
0 0.7447916666666666 0.8072916666666666 0.0546875 0.11822916666666666
0 0.5932291666666667 0.6036458333333333 0.09479166666666666 0.09947916666666666
0 0.7067708333333333 0.5916666666666667 0.07239583333333334 0.12395833333333334
0 0.2765625 0.315625 0.08802083333333334 0.11614583333333334
0 0.175 0.546875 0.0578125 0.09375
0 0.25364583333333335 0.7630208333333334 0.0546875 0.11197916666666667
0 0.5989583333333334 0.7604166666666666 0.05677083333333333 0.12864583333333332
0 0.6572916666666667 0.8244791666666667 0.058333333333333334 0.1234375
0 0.5421875 0.8807291666666667 0.08177083333333333 0.14270833333333333
0 0.9697916666666667 0.17291666666666666 0.03802083333333333 0.07916666666666666
0 0.9442708333333333 0.14791666666666667 0.03229166666666667 0.04791666666666667
0 0.8760416666666667 0.521875 0.05 0.058333333333333334
0 0.8338541666666667 0.603125 0.058333333333333334 0.0953125
0 0.9244791666666666 0.39166666666666666 0.05260416666666667 0.08854166666666667
1 0.3333333333333333 0.8161458333333333 0.08072916666666667 0.16927083333333334
0 0.1625 0.659375 0.04635416666666667 0.08697916666666666
0 0.2015625 0.6447916666666667 0.0515625 0.13229166666666667