0 0.5286458333333334 0.5140625 0.051041666666666666 0.08020833333333334
0 0.14479166666666668 0.38229166666666664 0.050520833333333334 0.0875
0 0.9005208333333333 0.9098958333333333 0.04739583333333333 0.071875
0 0.9541666666666667 0.8901041666666667 0.027604166666666666 0.06875
0 0.8208333333333333 0.7604166666666666 0.030729166666666665 0.06927083333333334
0 0.36875 0.9614583333333333 0.0328125 0.059895833333333336
0 0.8848958333333333 0.4276041666666667 0.03229166666666667 0.058854166666666666
0 0.8552083333333333 0.453125 0.027604166666666666 0.035416666666666666
0 0.3067708333333333 0.13697916666666668 0.06927083333333334 0.10729166666666666
0 0.06770833333333333 0.11354166666666667 0.059895833333333336 0.10104166666666667
0 0.022395833333333334 0.234375 0.04479166666666667 0.0734375
0 0.040625 0.4322916666666667 0.03958333333333333 0.075
0 0.46927083333333336 0.3927083333333333 0.028125 0.05625
0 0.7078125 0.5598958333333334 0.057291666666666664 0.1046875
0 0.8442708333333333 0.6083333333333333 0.051041666666666666 0.0765625
1 0.058854166666666666 0.6333333333333333 0.07604166666666666 0.07447916666666667
0 0.18802083333333333 0.8145833333333333 0.0296875 0.07395833333333333
0 0.12552083333333333 0.29270833333333335 0.06614583333333333 0.096875
0 0.7890625 0.7364583333333333 0.042708333333333334 0.08020833333333334
0 0.43697916666666664 0.3697916666666667 0.049479166666666664 0.10677083333333333
0 0.9317708333333333 0.21875 0.0640625 0.11302083333333333
1 0.9651041666666667 0.3338541666666667 0.065625 0.146875
0 0.44114583333333335 0.6026041666666667 0.05416666666666667 0.0796875