0 0.6796875 0.871875 0.042708333333333334 0.04739583333333333
0 0.6880208333333333 0.7276041666666667 0.03802083333333333 0.08541666666666667
0 0.5723958333333333 0.6380208333333334 0.059375 0.09479166666666666
0 0.371875 0.9302083333333333 0.05677083333333333 0.0640625
0 0.21354166666666666 0.3380208333333333 0.05416666666666667 0.09479166666666666
0 0.2942708333333333 0.42916666666666664 0.057291666666666664 0.058333333333333334
0 0.18125 0.21822916666666667 0.058333333333333334 0.0921875
0 0.33958333333333335 0.20260416666666667 0.0484375 0.0828125
0 0.8588541666666667 0.39427083333333335 0.036458333333333336 0.08125
0 0.925 0.6125 0.05625 0.06979166666666667
0 0.7901041666666667 0.3828125 0.053125 0.06145833333333333
0 0.5479166666666667 0.9692708333333333 0.0578125 0.0609375
1 0.3619791666666667 0.6958333333333333 0.0984375 0.14322916666666666
0 0.5192708333333333 0.6 0.053125 0.11041666666666666
0 0.3145833333333333 0.2734375 0.033854166666666664 0.057291666666666664
0 0.31145833333333334 0.34427083333333336 0.04739583333333333 0.09166666666666666
0 0.475 0.46145833333333336 0.05 0.09635416666666667
0 0.5869791666666667 0.9020833333333333 0.0484375 0.14270833333333333
0 0.6302083333333334 0.8171875 0.028645833333333332 0.06458333333333334
0 0.5432291666666667 0.0421875 0.04010416666666667 0.05677083333333333
0 0.5807291666666666 0.1875 0.028645833333333332 0.0515625