0 0.5333333333333333 0.22239583333333332 0.06614583333333333 0.10364583333333334
0 0.6447916666666667 0.20104166666666667 0.07083333333333333 0.1203125
0 0.9125 0.21666666666666667 0.05 0.08489583333333334
0 0.7994791666666666 0.784375 0.03854166666666667 0.04635416666666667
0 0.4046875 0.8526041666666667 0.07395833333333333 0.1234375
0 0.0703125 0.175 0.06197916666666667 0.10989583333333333
0 0.371875 0.09583333333333334 0.07864583333333333 0.12447916666666667
0 0.29375 0.49270833333333336 0.0375 0.07395833333333333
0 0.7260416666666667 0.7786458333333334 0.030729166666666665 0.06875
0 0.5140625 0.5911458333333334 0.059895833333333336 0.08541666666666667
1 0.7671875 0.2786458333333333 0.0984375 0.134375
0 0.9197916666666667 0.5421875 0.043229166666666666 0.08072916666666667
0 0.2453125 0.5213541666666667 0.06302083333333333 0.12083333333333333
0 0.06510416666666667 0.86875 0.0484375 0.1
0 0.47760416666666666 0.5145833333333333 0.0421875 0.0734375
0 0.4421875 0.4625 0.06822916666666666 0.0953125
0 0.8703125 0.7552083333333334 0.053125 0.09479166666666666
0 0.03854166666666667 0.45260416666666664 0.06041666666666667 0.11614583333333334
0 0.38125 0.35572916666666665 0.0859375 0.10989583333333333
0 0.6489583333333333 0.7395833333333334 0.04791666666666667 0.07135416666666666
0 0.7026041666666667 0.6984375 0.0515625 0.09583333333333334
0 0.8197916666666667 0.7114583333333333 0.0359375 0.07552083333333333
0 0.575 0.425 0.065625 0.08958333333333333
0 0.5239583333333333 0.4166666666666667 0.06458333333333334 0.1265625
0 0.55625 0.6661458333333333 0.05364583333333333 0.115625
0 0.5557291666666667 0.734375 0.025 0.040625
0 0.11927083333333334 0.9307291666666667 0.05625 0.06927083333333334