0 0.871875 0.35520833333333335 0.04375 0.07708333333333334
0 0.378125 0.30833333333333335 0.04791666666666667 0.0609375
0 0.2484375 0.753125 0.04114583333333333 0.07291666666666667
0 0.21875 0.865625 0.06041666666666667 0.09791666666666667
0 0.8010416666666667 0.7385416666666667 0.041666666666666664 0.051041666666666666
0 0.5723958333333333 0.4765625 0.040625 0.06770833333333333
0 0.4583333333333333 0.5796875 0.04583333333333333 0.11822916666666666
0 0.409375 0.9151041666666667 0.06197916666666667 0.11927083333333334
0 0.3463541666666667 0.6427083333333333 0.0703125 0.08541666666666667
0 0.409375 0.23854166666666668 0.03958333333333333 0.08489583333333334
0 0.6864583333333333 0.103125 0.0375 0.0734375
0 0.1796875 0.11666666666666667 0.03802083333333333 0.07395833333333333
0 0.16822916666666668 0.1765625 0.03854166666666667 0.071875
0 0.771875 0.4828125 0.052083333333333336 0.0875
0 0.2734375 0.3875 0.0453125 0.07135416666666666
0 0.1546875 0.9135416666666667 0.06510416666666667 0.0828125
0 0.7083333333333334 0.7921875 0.04739583333333333 0.065625
0 0.9838541666666667 0.3255208333333333 0.03229166666666667 0.07291666666666667
0 0.9583333333333334 0.6005208333333333 0.04583333333333333 0.07552083333333333
0 0.5671875 0.8572916666666667 0.034375 0.0625