0 0.17447916666666666 0.7348958333333333 0.06302083333333333 0.11041666666666666
0 0.4817708333333333 0.7567708333333333 0.06354166666666666 0.1140625
0 0.9036458333333334 0.4552083333333333 0.065625 0.1140625
0 0.9114583333333334 0.6348958333333333 0.041666666666666664 0.08802083333333334
0 0.6640625 0.9072916666666667 0.06822916666666666 0.10364583333333334
0 0.7265625 0.9072916666666667 0.053125 0.07708333333333334
0 0.45208333333333334 0.3765625 0.06927083333333334 0.11979166666666667
0 0.809375 0.20677083333333332 0.052083333333333336 0.10260416666666666
0 0.9369791666666667 0.06822916666666666 0.04895833333333333 0.10364583333333334
0 0.6104166666666667 0.3223958333333333 0.0578125 0.10104166666666667
0 0.7854166666666667 0.6744791666666666 0.06875 0.08645833333333333
0 0.19479166666666667 0.29583333333333334 0.0625 0.09479166666666666
0 0.5979166666666667 0.48385416666666664 0.065625 0.13020833333333334
0 0.6557291666666667 0.28020833333333334 0.05260416666666667 0.11979166666666667
0 0.10572916666666667 0.228125 0.04479166666666667 0.08958333333333333
0 0.0515625 0.17760416666666667 0.046875 0.07760416666666667
0 0.984375 0.04895833333333333 0.03125 0.08697916666666666
0 0.5364583333333334 0.3859375 0.10364583333333334 0.13229166666666667