0 0.6447916666666667 0.9177083333333333 0.03333333333333333 0.0609375
0 0.7020833333333333 0.7515625 0.05416666666666667 0.06979166666666667
0 0.6333333333333333 0.6947916666666667 0.05416666666666667 0.09010416666666667
0 0.2869791666666667 0.7369791666666666 0.0890625 0.13333333333333333
0 0.30625 0.8911458333333333 0.04739583333333333 0.07135416666666666
0 0.5375 0.7958333333333333 0.05625 0.0765625
0 0.13541666666666666 0.5432291666666667 0.1015625 0.17135416666666667
0 0.7109375 0.6557291666666667 0.06927083333333334 0.059375
0 0.36041666666666666 0.8020833333333334 0.058854166666666666 0.09635416666666667
0 0.5307291666666667 0.6010416666666667 0.059375 0.10260416666666666
0 0.8890625 0.5338541666666666 0.04895833333333333 0.096875
0 0.4005208333333333 0.5723958333333333 0.08020833333333334 0.08177083333333333
0 0.6359375 0.5135416666666667 0.09322916666666667 0.1421875
0 0.6614583333333334 0.4505208333333333 0.09739583333333333 0.10104166666666667
0 0.065625 0.88125 0.0640625 0.10677083333333333
0 0.3125 0.965625 0.04375 0.06875
0 0.3515625 0.9505208333333334 0.034375 0.0640625
0 0.46197916666666666 0.659375 0.065625 0.11875
1 0.3572916666666667 0.45677083333333335 0.1703125 0.13541666666666666
1 0.31145833333333334 0.14739583333333334 0.08958333333333333 0.1796875
1 0.11197916666666667 0.34739583333333335 0.13229166666666667 0.15729166666666666
1 0.21302083333333333 0.47239583333333335 0.109375 0.2375
0 0.5885416666666666 0.6171875 0.049479166666666664 0.16770833333333332
0 0.49583333333333335 0.7104166666666667 0.0515625 0.1203125
1 0.746875 0.20364583333333333 0.10364583333333334 0.1484375
1 0.49270833333333336 0.3390625 0.21614583333333334 0.11875
1 0.9229166666666667 0.41822916666666665 0.09375 0.10677083333333333
1 0.496875 0.1578125 0.19114583333333332 0.19479166666666667