0 0.7645833333333333 0.26510416666666664 0.04375 0.04114583333333333
0 0.7994791666666666 0.371875 0.046875 0.03958333333333333
0 0.6890625 0.5885416666666666 0.053125 0.0453125
0 0.6114583333333333 0.640625 0.05416666666666667 0.03958333333333333
0 0.5416666666666666 0.5734375 0.0453125 0.043229166666666666
0 0.5046875 0.6046875 0.044270833333333336 0.042708333333333334
0 0.5041666666666667 0.6734375 0.041666666666666664 0.036458333333333336
0 0.3958333333333333 0.671875 0.03697916666666667 0.0359375
0 0.4947916666666667 0.3572916666666667 0.030208333333333334 0.028645833333333332
0 0.4979166666666667 0.2796875 0.03854166666666667 0.0328125
0 0.43697916666666664 0.3182291666666667 0.0375 0.026041666666666668
0 0.4510416666666667 0.2838541666666667 0.03697916666666667 0.03697916666666667
0 0.3802083333333333 0.2984375 0.036458333333333336 0.0265625
0 0.3177083333333333 0.2734375 0.021875 0.03177083333333333
0 0.35052083333333334 0.21875 0.03854166666666667 0.027604166666666666
0 0.575 0.14427083333333332 0.0390625 0.03229166666666667