0 0.7916666666666666 0.5677083333333334 0.015625 0.0109375
0 0.7572916666666667 0.6026041666666667 0.0078125 0.008854166666666666
0 0.75625 0.61875 0.013020833333333334 0.008333333333333333
0 0.7630208333333334 0.6119791666666666 0.009895833333333333 0.011979166666666667
0 0.7010416666666667 0.6036458333333333 0.0109375 0.00625
0 0.6661458333333333 0.5697916666666667 0.015625 0.014583333333333334
0 0.6692708333333334 0.5473958333333333 0.016666666666666666 0.013020833333333334
0 0.68125 0.5213541666666667 0.013020833333333334 0.0109375
0 0.6348958333333333 0.496875 0.009895833333333333 0.009375
0 0.6645833333333333 0.4817708333333333 0.011458333333333333 0.011979166666666667
0 0.7182291666666667 0.4864583333333333 0.0140625 0.011979166666666667
0 0.7734375 0.4661458333333333 0.010416666666666666 0.009375
0 0.7588541666666667 0.45989583333333334 0.009895833333333333 0.011979166666666667
0 0.6354166666666666 0.44895833333333335 0.011458333333333333 0.009375
0 0.5875 0.46510416666666665 0.011979166666666667 0.011458333333333333
0 0.6145833333333334 0.45989583333333334 0.009375 0.0109375
0 0.6182291666666667 0.43802083333333336 0.013020833333333334 0.0140625
0 0.5630208333333333 0.45260416666666664 0.015104166666666667 0.0140625
0 0.609375 0.5885416666666666 0.015104166666666667 0.008333333333333333
0 0.7885416666666667 0.48020833333333335 0.017708333333333333 0.0140625
0 0.7979166666666667 0.46875 0.009895833333333333 0.0109375
0 0.80625 0.44375 0.010416666666666666 0.009895833333333333
0 0.8151041666666666 0.4744791666666667 0.015625 0.010416666666666666
0 0.8364583333333333 0.446875 0.009895833333333333 0.011979166666666667
0 0.7729166666666667 0.42083333333333334 0.015104166666666667 0.0109375
0 0.7833333333333333 0.4395833333333333 0.009895833333333333 0.0140625
0 0.7921875 0.453125 0.010416666666666666 0.0109375
0 0.7192708333333333 0.4427083333333333 0.013541666666666667 0.0125
0 0.7541666666666667 0.484375 0.008333333333333333 0.009895833333333333
0 0.7583333333333333 0.49270833333333336 0.009895833333333333 0.009895833333333333
0 0.6385416666666667 0.5869791666666667 0.0125 0.010416666666666666
0 0.559375 0.4703125 0.016666666666666666 0.015104166666666667
0 0.4578125 0.5088541666666667 0.014583333333333334 0.0109375
0 0.4796875 0.46927083333333336 0.011458333333333333 0.0109375
0 0.46875 0.45364583333333336 0.0140625 0.0109375
0 0.421875 0.5276041666666667 0.0140625 0.011458333333333333
0 0.36302083333333335 0.415625 0.0078125 0.007291666666666667
0 0.3619791666666667 0.4078125 0.0078125 0.008333333333333333
0 0.359375 0.4578125 0.0125 0.007291666666666667
0 0.33645833333333336 0.46875 0.010416666666666666 0.010416666666666666
0 0.39166666666666666 0.4125 0.011458333333333333 0.008333333333333333
0 0.43854166666666666 0.3927083333333333 0.0140625 0.011458333333333333
0 0.44375 0.38333333333333336 0.0109375 0.009375
0 0.46145833333333336 0.365625 0.011458333333333333 0.010416666666666666
0 0.49114583333333334 0.41354166666666664 0.0078125 0.007291666666666667
0 0.5255208333333333 0.3692708333333333 0.013020833333333334 0.007291666666666667
1 0.5145833333333333 0.396875 0.024479166666666666 0.029166666666666667
1 0.4005208333333333 0.3463541666666667 0.014583333333333334 0.022916666666666665
1 0.340625 0.34375 0.0296875 0.0203125
1 0.30104166666666665 0.3411458333333333 0.016145833333333335 0.0125
0 0.5515625 0.5171875 0.0125 0.011979166666666667
0 0.5416666666666666 0.515625 0.010416666666666666 0.0078125
0 0.5453125 0.5239583333333333 0.011458333333333333 0.005729166666666666
0 0.5484375 0.5317708333333333 0.011979166666666667 0.009375
0 0.54375 0.6458333333333334 0.0109375 0.011979166666666667
0 0.5729166666666666 0.625 0.008854166666666666 0.008333333333333333
0 0.5755208333333334 0.6135416666666667 0.011979166666666667 0.009895833333333333
0 0.5463541666666667 0.6197916666666666 0.0203125 0.0140625
0 0.5416666666666666 0.571875 0.0109375 0.009375
0 0.5583333333333333 0.5578125 0.009375 0.008854166666666666
0 0.6036458333333333 0.6036458333333333 0.011979166666666667 0.009375
0 0.6229166666666667 0.6526041666666667 0.014583333333333334 0.011979166666666667
0 0.6078125 0.6567708333333333 0.011458333333333333 0.007291666666666667
0 0.5963541666666666 0.6515625 0.010416666666666666 0.0067708333333333336
0 0.596875 0.6625 0.008333333333333333 0.010416666666666666
0 0.6057291666666667 0.6390625 0.011458333333333333 0.0067708333333333336
0 0.575 0.6567708333333333 0.007291666666666667 0.011458333333333333
0 0.5072916666666667 0.6640625 0.010416666666666666 0.009895833333333333
0 0.5229166666666667 0.6614583333333334 0.009375 0.00625
0 0.5208333333333334 0.653125 0.0078125 0.007291666666666667
0 0.5067708333333333 0.6369791666666667 0.009895833333333333 0.0046875
0 0.5921875 0.6880208333333333 0.009375 0.0067708333333333336
0 0.5994791666666667 0.6927083333333334 0.008854166666666666 0.008333333333333333
0 0.6041666666666666 0.7072916666666667 0.005729166666666666 0.0109375
0 0.615625 0.7229166666666667 0.009375 0.0067708333333333336
0 0.6375 0.7026041666666667 0.011979166666666667 0.008333333333333333
0 0.6416666666666667 0.6770833333333334 0.009375 0.010416666666666666
0 0.6541666666666667 0.684375 0.008854166666666666 0.0109375
0 0.6505208333333333 0.6927083333333334 0.010416666666666666 0.010416666666666666
0 0.665625 0.6411458333333333 0.010416666666666666 0.0109375
0 0.6973958333333333 0.6666666666666666 0.008333333333333333 0.010416666666666666
0 0.7010416666666667 0.6484375 0.008333333333333333 0.009375
0 0.29739583333333336 0.5234375 0.008333333333333333 0.010416666666666666
0 0.31197916666666664 0.5208333333333334 0.010416666666666666 0.0109375
0 0.321875 0.51875 0.009375 0.009375
0 0.32708333333333334 0.5229166666666667 0.0067708333333333336 0.009895833333333333
0 0.36354166666666665 0.5489583333333333 0.011458333333333333 0.008854166666666666
0 0.3645833333333333 0.534375 0.008333333333333333 0.0078125
0 0.37135416666666665 0.5338541666666666 0.008854166666666666 0.008854166666666666
0 0.3854166666666667 0.5520833333333334 0.011979166666666667 0.008854166666666666
0 0.3234375 0.578125 0.0109375 0.0109375
0 0.32916666666666666 0.5770833333333333 0.009375 0.007291666666666667
0 0.34270833333333334 0.5895833333333333 0.008333333333333333 0.008854166666666666
0 0.3078125 0.5692708333333333 0.009375 0.0109375
0 0.31302083333333336 0.5916666666666667 0.010416666666666666 0.009375
0 0.2703125 0.5046875 0.011458333333333333 0.009375
0 0.2791666666666667 0.509375 0.0109375 0.009895833333333333
0 0.28020833333333334 0.5020833333333333 0.013020833333333334 0.008333333333333333
0 0.29270833333333335 0.4822916666666667 0.011979166666666667 0.010416666666666666
0 0.4984375 0.5723958333333333 0.007291666666666667 0.010416666666666666
0 0.49375 0.5984375 0.011979166666666667 0.008854166666666666
0 0.471875 0.6333333333333333 0.0125 0.008854166666666666
0 0.5307291666666667 0.6026041666666667 0.009375 0.0067708333333333336
0 0.5234375 0.5942708333333333 0.009895833333333333 0.008333333333333333
0 0.5307291666666667 0.5916666666666667 0.008333333333333333 0.0125
0 0.45260416666666664 0.6942708333333333 0.0109375 0.009895833333333333
0 0.45677083333333335 0.6604166666666667 0.009895833333333333 0.010416666666666666
0 0.503125 0.6828125 0.008854166666666666 0.008854166666666666
0 0.490625 0.703125 0.00625 0.008854166666666666
0 0.5505208333333333 0.68125 0.010416666666666666 0.011458333333333333
0 0.59375 0.7109375 0.008333333333333333 0.0078125
0 0.5484375 0.7317708333333334 0.009895833333333333 0.009375
0 0.5541666666666667 0.653125 0.0078125 0.010416666666666666
0 0.584375 0.6255208333333333 0.011458333333333333 0.0125
1 0.4125 0.6770833333333334 0.015104166666666667 0.019791666666666666
1 0.44166666666666665 0.6197916666666666 0.0171875 0.029166666666666667
0 0.41510416666666666 0.6307291666666667 0.0078125 0.009375
0 0.43020833333333336 0.6375 0.008333333333333333 0.008854166666666666
0 0.42604166666666665 0.6260416666666667 0.008854166666666666 0.009375
0 0.465625 0.6109375 0.00625 0.00625
0 0.4895833333333333 0.6192708333333333 0.010416666666666666 0.009895833333333333
0 0.6515625 0.5317708333333333 0.0140625 0.015104166666666667
0 0.6307291666666667 0.534375 0.0109375 0.0109375
0 0.5989583333333334 0.5776041666666667 0.009375 0.015625
0 0.5916666666666667 0.56875 0.008333333333333333 0.013020833333333334
0 0.8255208333333334 0.415625 0.010416666666666666 0.014583333333333334
0 0.83125 0.40520833333333334 0.0078125 0.009375
1 0.5541666666666667 0.5822916666666667 0.016666666666666666 0.035416666666666666
0 0.6083333333333333 0.5583333333333333 0.0109375 0.011458333333333333
0 0.634375 0.4359375 0.013020833333333334 0.009895833333333333
0 0.6875 0.45625 0.008854166666666666 0.0109375
0 0.6989583333333333 0.4505208333333333 0.011458333333333333 0.008854166666666666
0 0.6817708333333333 0.4328125 0.007291666666666667 0.009375
0 0.7265625 0.38645833333333335 0.0125 0.011458333333333333
0 0.7401041666666667 0.38177083333333334 0.011458333333333333 0.007291666666666667
0 0.7140625 0.38125 0.008854166666666666 0.013541666666666667
0 0.5901041666666667 0.40729166666666666 0.0109375 0.0078125
0 0.6078125 0.38333333333333336 0.007291666666666667 0.007291666666666667
0 0.58125 0.3963541666666667 0.011979166666666667 0.0067708333333333336
0 0.5921875 0.37395833333333334 0.008333333333333333 0.008333333333333333
0 0.5963541666666666 0.3671875 0.0078125 0.005208333333333333
0 0.5817708333333333 0.37083333333333335 0.008854166666666666 0.007291666666666667
0 0.61875 0.3890625 0.0125 0.013020833333333334
0 0.6286458333333333 0.4203125 0.008333333333333333 0.007291666666666667
0 0.6723958333333333 0.43697916666666664 0.0109375 0.0067708333333333336
0 0.6859375 0.39114583333333336 0.010416666666666666 0.009895833333333333
0 0.6645833333333333 0.39166666666666666 0.007291666666666667 0.0078125
0 0.6953125 0.3671875 0.013541666666666667 0.009895833333333333
0 0.6932291666666667 0.3765625 0.0078125 0.008854166666666666
0 0.7213541666666666 0.5114583333333333 0.007291666666666667 0.009375
0 0.7166666666666667 0.5125 0.00625 0.00625
0 0.7734375 0.5223958333333333 0.005208333333333333 0.0109375
0 0.7588541666666667 0.5130208333333334 0.013541666666666667 0.0078125
0 0.7520833333333333 0.53125 0.009895833333333333 0.009375
0 0.40260416666666665 0.4765625 0.009375 0.0125
0 0.4484375 0.4666666666666667 0.0109375 0.009895833333333333
0 0.43333333333333335 0.5067708333333333 0.0109375 0.013541666666666667
0 0.5411458333333333 0.46458333333333335 0.011458333333333333 0.0109375
0 0.5515625 0.44114583333333335 0.007291666666666667 0.0067708333333333336
0 0.5375 0.4348958333333333 0.008854166666666666 0.0109375
0 0.43802083333333336 0.4296875 0.011458333333333333 0.008333333333333333
0 0.4609375 0.421875 0.005208333333333333 0.008854166666666666
0 0.5489583333333333 0.39739583333333334 0.008854166666666666 0.0109375
0 0.5447916666666667 0.37083333333333335 0.008333333333333333 0.010416666666666666
0 0.6411458333333333 0.6640625 0.0109375 0.009895833333333333
0 0.7036458333333333 0.6380208333333334 0.013020833333333334 0.0078125
1 0.7052083333333333 0.6286458333333333 0.0171875 0.011979166666666667
1 0.7270833333333333 0.5598958333333334 0.021875 0.009375
1 0.7338541666666667 0.5338541666666666 0.016666666666666666 0.017708333333333333
0 0.7369791666666666 0.5223958333333333 0.009375 0.008854166666666666
1 0.6427083333333333 0.6234375 0.019270833333333334 0.011979166666666667
0 0.5630208333333333 0.65 0.008854166666666666 0.005208333333333333
0 0.5119791666666667 0.7041666666666667 0.008854166666666666 0.007291666666666667
0 0.5197916666666667 0.7088541666666667 0.007291666666666667 0.009375
0 0.5260416666666666 0.7203125 0.008333333333333333 0.0078125
0 0.5375 0.7244791666666667 0.009375 0.009375
0 0.44114583333333335 0.7208333333333333 0.011458333333333333 0.0078125
1 0.4817708333333333 0.6854166666666667 0.017708333333333333 0.019270833333333334
0 0.4088541666666667 0.64375 0.008854166666666666 0.008333333333333333
0 0.421875 0.6416666666666667 0.007291666666666667 0.0078125
0 0.421875 0.659375 0.009895833333333333 0.004166666666666667
0 0.425 0.6645833333333333 0.00625 0.008333333333333333
0 0.48020833333333335 0.6645833333333333 0.005729166666666666 0.0078125
1 0.46822916666666664 0.6604166666666667 0.0109375 0.0265625
0 0.32864583333333336 0.4046875 0.0109375 0.008854166666666666
0 0.303125 0.40208333333333335 0.015104166666666667 0.011458333333333333
0 0.315625 0.37916666666666665 0.009375 0.0109375
0 0.33645833333333336 0.37916666666666665 0.010416666666666666 0.010416666666666666
1 0.32916666666666666 0.4395833333333333 0.016666666666666666 0.013541666666666667
0 0.2791666666666667 0.4401041666666667 0.008854166666666666 0.011458333333333333
0 0.2708333333333333 0.4421875 0.007291666666666667 0.009895833333333333
0 0.2708333333333333 0.4328125 0.008333333333333333 0.008854166666666666
0 0.25729166666666664 0.446875 0.011979166666666667 0.008854166666666666
0 0.25885416666666666 0.496875 0.010416666666666666 0.009375
0 0.2796875 0.48020833333333335 0.008333333333333333 0.0078125
0 0.2984375 0.46770833333333334 0.009895833333333333 0.008333333333333333
0 0.3125 0.46458333333333335 0.0067708333333333336 0.0078125
0 0.35833333333333334 0.4973958333333333 0.009895833333333333 0.00625
0 0.3880208333333333 0.5369791666666667 0.008854166666666666 0.013020833333333334
0 0.396875 0.5322916666666667 0.013020833333333334 0.009895833333333333
0 0.4046875 0.521875 0.009375 0.0067708333333333336
0 0.41510416666666666 0.5104166666666666 0.009375 0.0067708333333333336
0 0.38177083333333334 0.521875 0.009375 0.00625
1 0.3026041666666667 0.49947916666666664 0.022916666666666665 0.0171875
1 0.325 0.4875 0.0171875 0.027083333333333334
1 0.35052083333333334 0.5104166666666666 0.036458333333333336 0.01875
0 0.5317708333333333 0.3333333333333333 0.009895833333333333 0.008854166666666666
0 0.49895833333333334 0.3328125 0.007291666666666667 0.010416666666666666
0 0.5223958333333333 0.3380208333333333 0.0109375 0.011979166666666667
0 0.5208333333333334 0.32864583333333336 0.0109375 0.009895833333333333
0 0.5239583333333333 0.3234375 0.007291666666666667 0.007291666666666667
0 0.5229166666666667 0.3140625 0.008854166666666666 0.008854166666666666
0 0.5317708333333333 0.3177083333333333 0.010416666666666666 0.011458333333333333
0 0.590625 0.3171875 0.009895833333333333 0.015625
0 0.6234375 0.31197916666666664 0.005729166666666666 0.008854166666666666
0 0.6369791666666667 0.30416666666666664 0.00625 0.009895833333333333
0 0.6458333333333334 0.3416666666666667 0.0125 0.00625
0 0.63125 0.35208333333333336 0.007291666666666667 0.0067708333333333336
0 0.6604166666666667 0.30885416666666665 0.010416666666666666 0.008333333333333333
0 0.6765625 0.35572916666666665 0.010416666666666666 0.008333333333333333
0 0.6765625 0.34739583333333335 0.009895833333333333 0.00625
0 0.690625 0.33697916666666666 0.011458333333333333 0.008333333333333333
0 0.7109375 0.34791666666666665 0.007291666666666667 0.010416666666666666
0 0.7203125 0.3359375 0.0078125 0.010416666666666666
0 0.6979166666666666 0.38697916666666665 0.018229166666666668 0.011979166666666667
0 0.7666666666666667 0.3385416666666667 0.009895833333333333 0.0109375
0 0.79375 0.3651041666666667 0.010416666666666666 0.010416666666666666
0 0.8265625 0.3723958333333333 0.010416666666666666 0.009375
0 0.8005208333333333 0.3984375 0.008333333333333333 0.009375
0 0.7890625 0.39479166666666665 0.009895833333333333 0.0067708333333333336
0 0.8 0.30416666666666664 0.011458333333333333 0.0078125
0 0.7578125 0.31875 0.011979166666666667 0.0109375
0 0.74375 0.3223958333333333 0.013020833333333334 0.013020833333333334
0 0.7515625 0.3026041666666667 0.0109375 0.0109375
0 0.740625 0.2984375 0.013020833333333334 0.013020833333333334
0 0.7276041666666667 0.290625 0.011458333333333333 0.011458333333333333
0 0.6932291666666667 0.2911458333333333 0.010416666666666666 0.008333333333333333
0 0.6890625 0.259375 0.011458333333333333 0.0109375
0 0.6604166666666667 0.26145833333333335 0.010416666666666666 0.008854166666666666
0 0.6619791666666667 0.24010416666666667 0.008333333333333333 0.009375
0 0.759375 0.24479166666666666 0.008854166666666666 0.011458333333333333
0 0.7572916666666667 0.278125 0.010416666666666666 0.0067708333333333336
0 0.5020833333333333 0.546875 0.009375 0.011458333333333333
0 0.4901041666666667 0.4864583333333333 0.00625 0.0109375
0 0.47239583333333335 0.4901041666666667 0.011458333333333333 0.008333333333333333
0 0.4505208333333333 0.4588541666666667 0.009895833333333333 0.005208333333333333
0 0.409375 0.4432291666666667 0.011458333333333333 0.008333333333333333
0 0.41354166666666664 0.42239583333333336 0.011979166666666667 0.011979166666666667
0 0.3723958333333333 0.4635416666666667 0.011458333333333333 0.011458333333333333
0 0.36666666666666664 0.4791666666666667 0.009375 0.008333333333333333
0 0.3619791666666667 0.4864583333333333 0.0109375 0.0078125
1 0.4552083333333333 0.434375 0.020833333333333332 0.013020833333333334
1 0.5052083333333334 0.4473958333333333 0.0140625 0.021354166666666667
1 0.5 0.4671875 0.0171875 0.019270833333333334
1 0.5057291666666667 0.425 0.019791666666666666 0.013541666666666667
0 0.3885416666666667 0.6203125 0.009895833333333333 0.015104166666666667
0 0.37604166666666666 0.6317708333333333 0.0109375 0.009375
0 0.37552083333333336 0.6411458333333333 0.007291666666666667 0.009895833333333333
0 0.35260416666666666 0.6078125 0.007291666666666667 0.009375
0 0.3729166666666667 0.6078125 0.009375 0.010416666666666666
0 0.32708333333333334 0.6057291666666667 0.011458333333333333 0.0109375
0 0.33125 0.6307291666666667 0.00625 0.007291666666666667
0 0.34270833333333334 0.5796875 0.00625 0.008854166666666666
0 0.35260416666666666 0.5640625 0.0109375 0.0078125
0 0.31197916666666664 0.5572916666666666 0.008854166666666666 0.0067708333333333336
0 0.38333333333333336 0.3567708333333333 0.008333333333333333 0.010416666666666666
0 0.3890625 0.36302083333333335 0.0067708333333333336 0.009895833333333333
0 0.3885416666666667 0.3380208333333333 0.007291666666666667 0.009895833333333333
0 0.346875 0.35833333333333334 0.008333333333333333 0.008854166666666666
0 0.35208333333333336 0.3729166666666667 0.011979166666666667 0.010416666666666666
0 0.34375 0.41770833333333335 0.0078125 0.0078125
0 0.36875 0.4453125 0.00625 0.009895833333333333
0 0.37604166666666666 0.4473958333333333 0.0067708333333333336 0.009895833333333333
0 0.3614583333333333 0.46875 0.005729166666666666 0.009895833333333333
0 0.35104166666666664 0.4875 0.007291666666666667 0.009375
0 0.26927083333333335 0.34479166666666666 0.0109375 0.009895833333333333
0 0.26927083333333335 0.36614583333333334 0.008854166666666666 0.010416666666666666
0 0.2911458333333333 0.3567708333333333 0.009375 0.009375
0 0.2760416666666667 0.30885416666666665 0.008854166666666666 0.013541666666666667
0 0.2869791666666667 0.2947916666666667 0.0109375 0.010416666666666666
0 0.33125 0.2713541666666667 0.013020833333333334 0.014583333333333334
0 0.3390625 0.29583333333333334 0.0046875 0.009895833333333333
0 0.315625 0.3 0.010416666666666666 0.009895833333333333
0 0.32083333333333336 0.3177083333333333 0.013020833333333334 0.010416666666666666
0 0.38229166666666664 0.28958333333333336 0.011458333333333333 0.009895833333333333
0 0.565625 0.3463541666666667 0.013541666666666667 0.008854166666666666
0 0.5453125 0.30572916666666666 0.00625 0.0109375
0 0.5734375 0.2869791666666667 0.0109375 0.008333333333333333
0 0.5291666666666667 0.271875 0.0140625 0.013541666666666667
0 0.5859375 0.30104166666666665 0.0109375 0.011458333333333333
0 0.6130208333333333 0.28854166666666664 0.0140625 0.009375
0 0.5317708333333333 0.23697916666666666 0.008854166666666666 0.011458333333333333
0 0.5072916666666667 0.24635416666666668 0.0067708333333333336 0.008854166666666666
0 0.5260416666666666 0.2557291666666667 0.00625 0.008333333333333333
0 0.534375 0.25364583333333335 0.008854166666666666 0.008333333333333333
0 0.5453125 0.23385416666666667 0.008854166666666666 0.010416666666666666
0 0.46979166666666666 0.33177083333333335 0.0125 0.011458333333333333
0 0.496875 0.3723958333333333 0.0125 0.011979166666666667
0 0.48489583333333336 0.3692708333333333 0.0067708333333333336 0.00625
0 0.48072916666666665 0.371875 0.0067708333333333336 0.009375
0 0.6078125 0.246875 0.005729166666666666 0.0109375
0 0.6526041666666667 0.24947916666666667 0.009375 0.005208333333333333
0 0.6546875 0.2916666666666667 0.0078125 0.008854166666666666
0 0.6598958333333333 0.2869791666666667 0.010416666666666666 0.008333333333333333
0 0.6645833333333333 0.27447916666666666 0.0109375 0.011458333333333333
0 0.5145833333333333 0.21145833333333333 0.010416666666666666 0.009895833333333333
0 0.5166666666666667 0.203125 0.0140625 0.0109375
0 0.5953125 0.21510416666666668 0.015625 0.0125
0 0.6046875 0.23385416666666667 0.011458333333333333 0.013541666666666667
0 0.5572916666666666 0.24114583333333334 0.008854166666666666 0.011979166666666667
0 0.5635416666666667 0.22864583333333333 0.011458333333333333 0.0109375
0 0.5651041666666666 0.22135416666666666 0.011458333333333333 0.010416666666666666
0 0.5729166666666666 0.20729166666666668 0.009895833333333333 0.013020833333333334
0 0.6567708333333333 0.22239583333333332 0.011458333333333333 0.013541666666666667
0 0.665625 0.2015625 0.009375 0.010416666666666666
0 0.6734375 0.19427083333333334 0.0078125 0.0109375
0 0.6572916666666667 0.19739583333333333 0.007291666666666667 0.009895833333333333
0 0.7026041666666667 0.2015625 0.011979166666666667 0.0125
0 0.6869791666666667 0.19166666666666668 0.005729166666666666 0.0067708333333333336
1 0.6838541666666667 0.21302083333333333 0.016666666666666666 0.030208333333333334
1 0.7619791666666667 0.4088541666666667 0.027604166666666666 0.052083333333333336
0 0.44947916666666665 0.5890625 0.008854166666666666 0.009375
0 0.45416666666666666 0.2046875 0.009895833333333333 0.0125
0 0.459375 0.23333333333333334 0.010416666666666666 0.015104166666666667
1 0.4828125 0.24479166666666666 0.026041666666666668 0.05625
1 0.4828125 0.2916666666666667 0.0375 0.042708333333333334
0 0.47552083333333334 0.3203125 0.010416666666666666 0.013541666666666667
0 0.4703125 0.3140625 0.007291666666666667 0.0067708333333333336
0 0.4354166666666667 0.3098958333333333 0.011979166666666667 0.008333333333333333
0 0.409375 0.31197916666666664 0.0140625 0.011979166666666667
0 0.4109375 0.2875 0.010416666666666666 0.010416666666666666
0 0.4322916666666667 0.2890625 0.005208333333333333 0.007291666666666667
0 0.43802083333333336 0.2942708333333333 0.005208333333333333 0.0067708333333333336
0 0.446875 0.2953125 0.009895833333333333 0.0078125
0 0.45 0.2875 0.0109375 0.010416666666666666
0 0.4421875 0.25052083333333336 0.0067708333333333336 0.011979166666666667
0 0.38645833333333335 0.26979166666666665 0.008854166666666666 0.009895833333333333
0 0.43854166666666666 0.23072916666666668 0.0067708333333333336 0.008854166666666666
0 0.4322916666666667 0.22135416666666666 0.008854166666666666 0.008333333333333333
1 0.4161458333333333 0.2296875 0.0125 0.016666666666666666
0 0.39479166666666665 0.25729166666666664 0.008333333333333333 0.007291666666666667
0 0.39114583333333336 0.26458333333333334 0.0067708333333333336 0.008333333333333333
0 0.38229166666666664 0.2296875 0.009895833333333333 0.0078125
0 0.4083333333333333 0.21458333333333332 0.007291666666666667 0.009895833333333333
0 0.38333333333333336 0.2046875 0.009375 0.008854166666666666
0 0.471875 0.5895833333333333 0.0078125 0.008854166666666666
0 0.50625 0.6104166666666667 0.010416666666666666 0.011979166666666667
0 0.4635416666666667 0.5583333333333333 0.010416666666666666 0.00625
0 0.4140625 0.5625 0.013020833333333334 0.00625
0 0.4161458333333333 0.53125 0.009895833333333333 0.00625
0 0.6067708333333334 0.46041666666666664 0.0078125 0.015625
0 0.5723958333333333 0.4421875 0.011979166666666667 0.008333333333333333
0 0.5708333333333333 0.43125 0.011979166666666667 0.008854166666666666
0 0.5453125 0.4171875 0.005208333333333333 0.008854166666666666
0 0.5723958333333333 0.421875 0.0046875 0.0067708333333333336
0 0.5682291666666667 0.4244791666666667 0.0078125 0.0078125
0 0.5494791666666666 0.4203125 0.007291666666666667 0.009895833333333333
0 0.46875 0.17135416666666667 0.013020833333333334 0.0109375
0 0.5088541666666667 0.1875 0.005208333333333333 0.007291666666666667
0 0.521875 0.17708333333333334 0.011979166666666667 0.010416666666666666
0 0.5880208333333333 0.1953125 0.0067708333333333336 0.0067708333333333336
0 0.5942708333333333 0.19166666666666668 0.008854166666666666 0.009895833333333333
0 0.5713541666666667 0.178125 0.010416666666666666 0.011979166666666667
0 0.5807291666666666 0.16614583333333333 0.011979166666666667 0.011979166666666667
0 0.5338541666666666 0.1625 0.010416666666666666 0.0125
0 0.4895833333333333 0.16666666666666666 0.0125 0.010416666666666666
0 0.453125 0.18229166666666666 0.0140625 0.0109375
0 0.47239583333333335 0.203125 0.015104166666666667 0.011458333333333333
0 0.30885416666666665 0.26458333333333334 0.008854166666666666 0.0078125
0 0.31145833333333334 0.2421875 0.009895833333333333 0.0067708333333333336
0 0.3171875 0.23020833333333332 0.0109375 0.009375
0 0.32708333333333334 0.25677083333333334 0.0067708333333333336 0.005208333333333333
0 0.33125 0.2869791666666667 0.007291666666666667 0.00625
0 0.3625 0.3234375 0.008333333333333333 0.008333333333333333
0 0.36302083333333335 0.34791666666666665 0.013020833333333334 0.011458333333333333
0 0.365625 0.1984375 0.011979166666666667 0.011979166666666667
0 0.44427083333333334 0.153125 0.011979166666666667 0.010416666666666666
0 0.4895833333333333 0.13125 0.0125 0.013020833333333334
0 0.42291666666666666 0.15052083333333333 0.0125 0.011979166666666667
0 0.4125 0.18385416666666668 0.011979166666666667 0.009375
0 0.4125 0.17291666666666666 0.011458333333333333 0.007291666666666667
0 0.40989583333333335 0.16510416666666666 0.0109375 0.008854166666666666
0 0.47291666666666665 0.7260416666666667 0.011458333333333333 0.010416666666666666
0 0.48802083333333335 0.7270833333333333 0.011979166666666667 0.011979166666666667
0 0.3255208333333333 0.24895833333333334 0.013020833333333334 0.0109375
0 0.24322916666666666 0.40677083333333336 0.010416666666666666 0.007291666666666667
0 0.24375 0.41770833333333335 0.010416666666666666 0.008854166666666666
0 0.246875 0.4265625 0.011979166666666667 0.011979166666666667
1 0.44635416666666666 0.33958333333333335 0.027604166666666666 0.016666666666666666
1 0.39114583333333336 0.17760416666666667 0.0265625 0.03125
1 0.34739583333333335 0.21927083333333333 0.034895833333333334 0.030729166666666665
0 0.6364583333333333 0.16614583333333333 0.0125 0.011458333333333333
0 0.6354166666666666 0.1546875 0.0140625 0.011979166666666667
0 0.6239583333333333 0.1453125 0.010416666666666666 0.008333333333333333
0 0.5973958333333333 0.17604166666666668 0.010416666666666666 0.011458333333333333
0 0.6260416666666667 0.171875 0.009375 0.0067708333333333336
0 0.496875 0.15208333333333332 0.0078125 0.008333333333333333
0 0.4953125 0.14270833333333333 0.009895833333333333 0.0125
0 0.5244791666666667 0.14739583333333334 0.009375 0.009375
0 0.7260416666666667 0.1953125 0.009375 0.009895833333333333