0 0.6078125 0.2833333333333333 0.034375 0.035416666666666666
0 0.7036458333333333 0.2875 0.03697916666666667 0.0375
0 0.6776041666666667 0.23958333333333334 0.044270833333333336 0.04479166666666667
0 0.665625 0.4088541666666667 0.04114583333333333 0.027604166666666666
0 0.6703125 0.47291666666666665 0.03333333333333333 0.04114583333333333
0 0.6901041666666666 0.4979166666666667 0.04635416666666667 0.035416666666666666
0 0.7802083333333333 0.4739583333333333 0.043229166666666666 0.025
0 0.8244791666666667 0.41458333333333336 0.034375 0.0296875
0 0.7989583333333333 0.5583333333333333 0.026041666666666668 0.030729166666666665
0 0.7510416666666667 0.5427083333333333 0.021875 0.0359375
0 0.6859375 0.6317708333333333 0.0265625 0.022395833333333334
0 0.6911458333333333 0.6755208333333333 0.028645833333333332 0.034375
0 0.6098958333333333 0.5609375 0.03333333333333333 0.0328125
0 0.6161458333333333 0.6421875 0.025520833333333333 0.03125
0 0.6239583333333333 0.6942708333333333 0.0203125 0.028645833333333332
0 0.4864583333333333 0.6552083333333333 0.030729166666666665 0.028645833333333332
0 0.4375 0.5541666666666667 0.035416666666666666 0.0390625
0 0.4510416666666667 0.4515625 0.04010416666666667 0.04114583333333333
0 0.36770833333333336 0.5822916666666667 0.019791666666666666 0.03802083333333333
0 0.5484375 0.4484375 0.0328125 0.028645833333333332
0 0.5807291666666666 0.42239583333333336 0.0265625 0.023958333333333335
0 0.5802083333333333 0.40520833333333334 0.03125 0.023958333333333335
0 0.5515625 0.4078125 0.033854166666666664 0.024479166666666666
0 0.5041666666666667 0.41822916666666665 0.0375 0.028645833333333332
0 0.35572916666666665 0.4557291666666667 0.04114583333333333 0.028645833333333332
0 0.3484375 0.4265625 0.03802083333333333 0.030208333333333334
0 0.2755208333333333 0.37083333333333335 0.022395833333333334 0.026041666666666668
0 0.32447916666666665 0.396875 0.03697916666666667 0.03177083333333333
0 0.35208333333333336 0.3619791666666667 0.034375 0.023958333333333335
0 0.3411458333333333 0.31979166666666664 0.027083333333333334 0.030729166666666665
0 0.28958333333333336 0.29010416666666666 0.033854166666666664 0.023958333333333335
0 0.5552083333333333 0.25729166666666664 0.03697916666666667 0.025
0 0.4479166666666667 0.1453125 0.023958333333333335 0.036458333333333336
0 0.3 0.25 0.029166666666666667 0.027083333333333334
0 0.2713541666666667 0.2984375 0.0203125 0.03333333333333333