0 0.6536458333333334 0.4 0.0140625 0.0140625
0 0.6635416666666667 0.35520833333333335 0.009895833333333333 0.009895833333333333
0 0.7 0.3697916666666667 0.008854166666666666 0.009895833333333333
0 0.5463541666666667 0.4010416666666667 0.009895833333333333 0.011979166666666667
0 0.496875 0.3411458333333333 0.011458333333333333 0.0078125
0 0.6427083333333333 0.35104166666666664 0.0125 0.009895833333333333
0 0.7151041666666667 0.34427083333333336 0.011458333333333333 0.010416666666666666
0 0.7052083333333333 0.3328125 0.008333333333333333 0.008854166666666666
0 0.7265625 0.484375 0.013020833333333334 0.011979166666666667
0 0.7291666666666666 0.4984375 0.013541666666666667 0.0109375
0 0.5645833333333333 0.6947916666666667 0.010416666666666666 0.008854166666666666
0 0.6635416666666667 0.6666666666666666 0.011458333333333333 0.0109375
0 0.375 0.6182291666666667 0.008854166666666666 0.011458333333333333
0 0.38229166666666664 0.5375 0.009375 0.0078125
0 0.365625 0.5484375 0.010416666666666666 0.0125
0 0.3734375 0.6057291666666667 0.009895833333333333 0.008854166666666666
0 0.334375 0.5520833333333334 0.011458333333333333 0.0067708333333333336
0 0.3567708333333333 0.5614583333333333 0.009895833333333333 0.009375
0 0.6088541666666667 0.6151041666666667 0.008854166666666666 0.009375
0 0.7604166666666666 0.5921875 0.009895833333333333 0.011979166666666667
0 0.37447916666666664 0.5828125 0.009895833333333333 0.008333333333333333
0 0.5760416666666667 0.6859375 0.008333333333333333 0.008333333333333333
0 0.48072916666666665 0.5401041666666667 0.009375 0.008333333333333333
0 0.5302083333333333 0.353125 0.008333333333333333 0.008854166666666666
0 0.5572916666666666 0.6838541666666667 0.008854166666666666 0.008333333333333333
0 0.42135416666666664 0.6458333333333334 0.009375 0.008854166666666666
0 0.47239583333333335 0.475 0.009895833333333333 0.008854166666666666
0 0.2869791666666667 0.46041666666666664 0.008333333333333333 0.008854166666666666
0 0.6760416666666667 0.6953125 0.009895833333333333 0.008854166666666666
0 0.5901041666666667 0.42604166666666665 0.010416666666666666 0.0109375
0 0.8151041666666666 0.41770833333333335 0.009895833333333333 0.009375
0 0.496875 0.6598958333333333 0.009375 0.011979166666666667
0 0.4427083333333333 0.521875 0.008854166666666666 0.008854166666666666
0 0.5421875 0.2703125 0.010416666666666666 0.010416666666666666
0 0.4734375 0.49895833333333334 0.009375 0.011458333333333333
0 0.5114583333333333 0.6182291666666667 0.008854166666666666 0.0109375
0 0.5927083333333333 0.36614583333333334 0.008333333333333333 0.008333333333333333
1 0.6463541666666667 0.48072916666666665 0.011979166666666667 0.015104166666666667
0 0.5625 0.31927083333333334 0.008854166666666666 0.008333333333333333
0 0.4265625 0.478125 0.010416666666666666 0.009895833333333333
0 0.5734375 0.28229166666666666 0.009895833333333333 0.010416666666666666
0 0.6598958333333333 0.2869791666666667 0.008854166666666666 0.008854166666666666
0 0.5619791666666667 0.296875 0.008854166666666666 0.008333333333333333
0 0.7104166666666667 0.45364583333333336 0.010416666666666666 0.009895833333333333
0 0.5307291666666667 0.6864583333333333 0.011458333333333333 0.0109375
0 0.784375 0.51875 0.009895833333333333 0.009375
0 0.7895833333333333 0.41354166666666664 0.009375 0.009375
0 0.6703125 0.3177083333333333 0.010416666666666666 0.009375
0 0.4484375 0.20677083333333332 0.008854166666666666 0.009375
0 0.47708333333333336 0.4546875 0.009895833333333333 0.009375
0 0.42135416666666664 0.259375 0.011979166666666667 0.011458333333333333
0 0.45260416666666664 0.6510416666666666 0.008854166666666666 0.008854166666666666
0 0.7229166666666667 0.6208333333333333 0.008854166666666666 0.008854166666666666
0 0.5973958333333333 0.5609375 0.013020833333333334 0.011979166666666667
0 0.8270833333333333 0.3859375 0.008333333333333333 0.008333333333333333
0 0.6619791666666667 0.5005208333333333 0.009375 0.008854166666666666
0 0.4479166666666667 0.496875 0.011979166666666667 0.010416666666666666
0 0.7317708333333334 0.29583333333333334 0.009375 0.008333333333333333
1 0.6286458333333333 0.41822916666666665 0.011458333333333333 0.016145833333333335
0 0.48333333333333334 0.28541666666666665 0.009895833333333333 0.008854166666666666
0 0.43385416666666665 0.71875 0.008333333333333333 0.008333333333333333
0 0.5354166666666667 0.6375 0.0109375 0.009895833333333333
0 0.5234375 0.16197916666666667 0.008854166666666666 0.008854166666666666
0 0.43020833333333336 0.22447916666666667 0.0109375 0.010416666666666666
0 0.3807291666666667 0.2635416666666667 0.010416666666666666 0.009895833333333333
0 0.5369791666666667 0.178125 0.009895833333333333 0.008854166666666666
1 0.38645833333333335 0.42135416666666664 0.013541666666666667 0.013541666666666667
0 0.6114583333333333 0.178125 0.009375 0.009375
0 0.4953125 0.3734375 0.009375 0.008854166666666666
1 0.40729166666666666 0.5552083333333333 0.013020833333333334 0.015104166666666667
1 0.48072916666666665 0.7234375 0.011458333333333333 0.0140625
0 0.6192708333333333 0.6067708333333334 0.008854166666666666 0.008854166666666666
0 0.7572916666666667 0.2515625 0.010416666666666666 0.010416666666666666
0 0.5114583333333333 0.14739583333333334 0.0109375 0.008333333333333333
1 0.6088541666666667 0.4859375 0.019270833333333334 0.0171875
0 0.5223958333333333 0.3302083333333333 0.0109375 0.013541666666666667
0 0.6708333333333333 0.46927083333333336 0.014583333333333334 0.011979166666666667
0 0.6229166666666667 0.2708333333333333 0.009895833333333333 0.009895833333333333
0 0.5453125 0.30052083333333335 0.009895833333333333 0.009895833333333333
0 0.3692708333333333 0.3046875 0.0109375 0.009895833333333333
0 0.35052083333333334 0.5828125 0.010416666666666666 0.009895833333333333
0 0.5203125 0.140625 0.009895833333333333 0.009375
0 0.684375 0.2265625 0.0078125 0.0078125
0 0.7015625 0.22604166666666667 0.011979166666666667 0.010416666666666666
0 0.5854166666666667 0.48854166666666665 0.011979166666666667 0.011458333333333333
0 0.5817708333333333 0.475 0.0067708333333333336 0.008854166666666666
0 0.6276041666666666 0.4765625 0.011458333333333333 0.009375
0 0.6208333333333333 0.4859375 0.009375 0.009895833333333333
0 0.24114583333333334 0.35260416666666666 0.010416666666666666 0.0140625
0 0.6942708333333333 0.2604166666666667 0.008854166666666666 0.007291666666666667
0 0.6614583333333334 0.22916666666666666 0.011458333333333333 0.008854166666666666
0 0.7348958333333333 0.23125 0.010416666666666666 0.008854166666666666
0 0.740625 0.2578125 0.0078125 0.011458333333333333
0 0.73125 0.2713541666666667 0.010416666666666666 0.0109375
0 0.7114583333333333 0.29791666666666666 0.00625 0.008854166666666666
0 0.6557291666666667 0.24895833333333334 0.013541666666666667 0.00625
0 0.6078125 0.23854166666666668 0.009895833333333333 0.009895833333333333
0 0.6026041666666667 0.21770833333333334 0.009895833333333333 0.009375
0 0.6005208333333333 0.2421875 0.0067708333333333336 0.013541666666666667
0 0.590625 0.22395833333333334 0.010416666666666666 0.009895833333333333
0 0.5921875 0.234375 0.009375 0.008333333333333333
0 0.5927083333333333 0.24270833333333333 0.008333333333333333 0.009895833333333333
0 0.4947916666666667 0.240625 0.009895833333333333 0.011979166666666667
0 0.515625 0.24010416666666667 0.011979166666666667 0.008854166666666666
0 0.46770833333333334 0.225 0.009375 0.008854166666666666
0 0.4473958333333333 0.246875 0.013541666666666667 0.008333333333333333
0 0.4510416666666667 0.27760416666666665 0.008333333333333333 0.009375
0 0.5171875 0.30572916666666666 0.010416666666666666 0.0125
0 0.5177083333333333 0.43072916666666666 0.0078125 0.008333333333333333
0 0.5338541666666666 0.4270833333333333 0.00625 0.013541666666666667
0 0.55625 0.415625 0.0125 0.0109375
0 0.5713541666666667 0.42135416666666664 0.014583333333333334 0.013541666666666667
0 0.5140625 0.44427083333333334 0.013020833333333334 0.00625
0 0.49583333333333335 0.4390625 0.011458333333333333 0.010416666666666666
0 0.4979166666666667 0.42291666666666666 0.0125 0.008854166666666666
0 0.4895833333333333 0.39947916666666666 0.0125 0.0067708333333333336
0 0.5151041666666667 0.4010416666666667 0.009895833333333333 0.009375
0 0.5286458333333334 0.41354166666666664 0.011979166666666667 0.010416666666666666
0 0.45416666666666666 0.41510416666666666 0.0140625 0.0109375
0 0.446875 0.45208333333333334 0.009375 0.008333333333333333
0 0.4359375 0.4640625 0.010416666666666666 0.008333333333333333
0 0.4421875 0.4708333333333333 0.008333333333333333 0.0109375
1 0.7984375 0.3651041666666667 0.015104166666666667 0.026041666666666668
1 0.7869791666666667 0.33177083333333335 0.016666666666666666 0.017708333333333333
0 0.7911458333333333 0.3463541666666667 0.007291666666666667 0.008333333333333333
0 0.7119791666666667 0.31927083333333334 0.007291666666666667 0.009375
0 0.7046875 0.31927083333333334 0.008854166666666666 0.008333333333333333
0 0.7296875 0.3223958333333333 0.005208333333333333 0.0067708333333333336
0 0.734375 0.32864583333333336 0.008854166666666666 0.008854166666666666
0 0.7286458333333333 0.3338541666666667 0.0109375 0.00625
0 0.7458333333333333 0.33697916666666666 0.009895833333333333 0.008333333333333333
0 0.7328125 0.3416666666666667 0.011979166666666667 0.0109375
0 0.3578125 0.659375 0.008333333333333333 0.005729166666666666
0 0.3359375 0.6557291666666667 0.005208333333333333 0.0109375
0 0.35572916666666665 0.625 0.010416666666666666 0.008333333333333333
0 0.36614583333333334 0.6328125 0.00625 0.0109375
0 0.3223958333333333 0.6463541666666667 0.005729166666666666 0.0067708333333333336
0 0.428125 0.6354166666666666 0.009375 0.0109375
0 0.4078125 0.6807291666666667 0.0125 0.0109375
0 0.44114583333333335 0.659375 0.008854166666666666 0.007291666666666667
0 0.4479166666666667 0.6661458333333333 0.010416666666666666 0.008854166666666666
0 0.4791666666666667 0.6557291666666667 0.0078125 0.009375
0 0.4822916666666667 0.6494791666666667 0.009375 0.007291666666666667
0 0.3026041666666667 0.3328125 0.011979166666666667 0.009895833333333333
0 0.2734375 0.353125 0.009375 0.010416666666666666
0 0.2604166666666667 0.3484375 0.008854166666666666 0.011458333333333333
0 0.2755208333333333 0.3333333333333333 0.0078125 0.011458333333333333
0 0.2875 0.30625 0.0140625 0.007291666666666667
0 0.32083333333333336 0.2921875 0.009375 0.0078125
0 0.37447916666666664 0.27708333333333335 0.010416666666666666 0.008333333333333333
0 0.3625 0.2921875 0.0109375 0.007291666666666667
0 0.3802083333333333 0.28958333333333336 0.0078125 0.0078125
0 0.3953125 0.3171875 0.011979166666666667 0.0078125
0 0.4119791666666667 0.3463541666666667 0.008333333333333333 0.008854166666666666
0 0.42239583333333336 0.35208333333333336 0.010416666666666666 0.008854166666666666
0 0.4270833333333333 0.3458333333333333 0.007291666666666667 0.008854166666666666
0 0.434375 0.33489583333333334 0.010416666666666666 0.009895833333333333
0 0.4484375 0.3177083333333333 0.0109375 0.015625
0 0.44947916666666665 0.2869791666666667 0.010416666666666666 0.0078125
0 0.4546875 0.29322916666666665 0.009375 0.007291666666666667
0 0.42239583333333336 0.28125 0.008854166666666666 0.009375
0 0.69375 0.46041666666666664 0.0140625 0.014583333333333334
0 0.6838541666666667 0.4125 0.011979166666666667 0.007291666666666667
1 0.6885416666666667 0.584375 0.021875 0.028125
1 0.7567708333333333 0.5557291666666667 0.03697916666666667 0.019270833333333334
0 0.7635416666666667 0.5708333333333333 0.011979166666666667 0.0140625
1 0.784375 0.4484375 0.03333333333333333 0.014583333333333334
0 0.7729166666666667 0.45729166666666665 0.010416666666666666 0.008854166666666666
0 0.7817708333333333 0.42552083333333335 0.010416666666666666 0.0078125
0 0.8197916666666667 0.4359375 0.009375 0.0140625
0 0.4244791666666667 0.1640625 0.015104166666666667 0.007291666666666667
0 0.4270833333333333 0.17447916666666666 0.011458333333333333 0.008854166666666666
0 0.43125 0.1859375 0.008854166666666666 0.008854166666666666
0 0.44166666666666665 0.21197916666666666 0.013020833333333334 0.009895833333333333
0 0.45208333333333334 0.22552083333333334 0.009375 0.0125
0 0.35052083333333334 0.19739583333333333 0.010416666666666666 0.00625
0 0.39010416666666664 0.165625 0.009375 0.011458333333333333
0 0.38958333333333334 0.21666666666666667 0.0125 0.011458333333333333
0 0.3578125 0.21875 0.010416666666666666 0.010416666666666666
0 0.3453125 0.22864583333333333 0.009375 0.010416666666666666
0 0.33697916666666666 0.221875 0.011979166666666667 0.011458333333333333