0 0.6739583333333333 0.6015625 0.041666666666666664 0.08125
0 0.7244791666666667 0.6479166666666667 0.05520833333333333 0.0921875
0 0.11354166666666667 0.39791666666666664 0.0515625 0.0703125
0 0.1390625 0.5473958333333333 0.030208333333333334 0.06145833333333333
0 0.16875 0.6322916666666667 0.034895833333333334 0.06458333333333334
0 0.04791666666666667 0.2625 0.0359375 0.051041666666666666
0 0.018229166666666668 0.29270833333333335 0.027604166666666666 0.04895833333333333
0 0.31666666666666665 0.12447916666666667 0.06458333333333334 0.09739583333333333
0 0.19947916666666668 0.671875 0.03697916666666667 0.06302083333333333
0 0.2552083333333333 0.43697916666666664 0.053125 0.0796875
1 0.7973958333333333 0.8390625 0.06041666666666667 0.14270833333333333