0 0.4046875 0.30104166666666665 0.03177083333333333 0.06927083333333334
0 0.2359375 0.309375 0.0359375 0.06354166666666666
0 0.5114583333333333 0.3807291666666667 0.03177083333333333 0.042708333333333334
0 0.6822916666666666 0.2609375 0.022395833333333334 0.05572916666666667
0 0.678125 0.43020833333333336 0.022916666666666665 0.030208333333333334
0 0.5328125 0.45364583333333336 0.019791666666666666 0.044270833333333336
0 0.6838541666666667 0.5447916666666667 0.011458333333333333 0.019791666666666666
0 0.19739583333333333 0.775 0.015625 0.03177083333333333
0 0.29635416666666664 0.8265625 0.013541666666666667 0.030729166666666665
0 0.3494791666666667 0.78125 0.015625 0.0296875
0 0.24375 0.7229166666666667 0.022916666666666665 0.03802083333333333
0 0.5177083333333333 0.73125 0.014583333333333334 0.028645833333333332
0 0.278125 0.16041666666666668 0.03333333333333333 0.07604166666666666
0 0.0578125 0.9104166666666667 0.021354166666666667 0.042708333333333334
0 0.5083333333333333 0.6177083333333333 0.011979166666666667 0.027604166666666666
0 0.7494791666666667 0.9302083333333333 0.015625 0.034895833333333334
0 0.578125 0.49583333333333335 0.0171875 0.0359375
0 0.34791666666666665 0.6229166666666667 0.019270833333333334 0.034895833333333334
0 0.4859375 0.6651041666666667 0.011979166666666667 0.021354166666666667
0 0.3848958333333333 0.7520833333333333 0.014583333333333334 0.0234375
0 0.396875 0.734375 0.013541666666666667 0.020833333333333332
0 0.35260416666666666 0.6479166666666667 0.020833333333333332 0.030729166666666665
0 0.39947916666666666 0.7666666666666667 0.013020833333333334 0.020833333333333332
0 0.88125 0.284375 0.0125 0.025
0 0.7260416666666667 0.42552083333333335 0.05572916666666667 0.058854166666666666
0 0.7921875 0.9645833333333333 0.0203125 0.058333333333333334
0 0.925 0.6723958333333333 0.013541666666666667 0.023958333333333335
0 0.515625 0.5619791666666667 0.0171875 0.03854166666666667
0 0.5041666666666667 0.4791666666666667 0.022916666666666665 0.04375
0 0.5026041666666666 0.31614583333333335 0.03177083333333333 0.04375
0 0.7322916666666667 0.11145833333333334 0.035416666666666666 0.05625
0 0.7723958333333333 0.19947916666666668 0.022395833333333334 0.03229166666666667
0 0.8161458333333333 0.15520833333333334 0.021875 0.03229166666666667
0 0.16197916666666667 0.6963541666666667 0.025520833333333333 0.044270833333333336
0 0.19375 0.6822916666666666 0.03697916666666667 0.049479166666666664
0 0.7416666666666667 0.48854166666666665 0.009895833333333333 0.019791666666666666
0 0.746875 0.46770833333333334 0.011979166666666667 0.01875
0 0.8145833333333333 0.30833333333333335 0.015625 0.028125
0 0.7171875 0.36302083333333335 0.013541666666666667 0.026041666666666668
0 0.7052083333333333 0.3625 0.0140625 0.026041666666666668
0 0.6041666666666666 0.45260416666666664 0.013020833333333334 0.016666666666666666
0 0.6677083333333333 0.5088541666666667 0.008333333333333333 0.019270833333333334
0 0.7276041666666667 0.4661458333333333 0.010416666666666666 0.0234375
0 0.22447916666666667 0.4078125 0.0171875 0.07604166666666666
0 0.8380208333333333 0.7708333333333334 0.0203125 0.0375
0 0.7708333333333334 0.365625 0.018229166666666668 0.026041666666666668
0 0.32135416666666666 0.6723958333333333 0.022395833333333334 0.03958333333333333