0 0.7692708333333333 0.21145833333333333 0.019270833333333334 0.0296875
0 0.4036458333333333 0.5869791666666667 0.019270833333333334 0.03333333333333333
0 0.26927083333333335 0.40572916666666664 0.016666666666666666 0.03802083333333333
0 0.28229166666666666 0.29010416666666666 0.019791666666666666 0.0359375
0 0.4973958333333333 0.234375 0.0234375 0.0375
0 0.7526041666666666 0.55 0.0203125 0.034895833333333334
0 0.6729166666666667 0.49322916666666666 0.018229166666666668 0.034375
0 0.3489583333333333 0.32708333333333334 0.016666666666666666 0.03125
0 0.5317708333333333 0.221875 0.022395833333333334 0.034895833333333334
0 0.6833333333333333 0.4473958333333333 0.021875 0.0328125
0 0.6994791666666667 0.38385416666666666 0.020833333333333332 0.03229166666666667
0 0.746875 0.3260416666666667 0.019270833333333334 0.033854166666666664
0 0.5588541666666667 0.8192708333333333 0.017708333333333333 0.0296875
0 0.7130208333333333 0.796875 0.016666666666666666 0.03333333333333333
0 0.6666666666666666 0.7270833333333333 0.021354166666666667 0.028125
0 0.771875 0.6640625 0.0171875 0.026041666666666668
0 0.8203125 0.4979166666666667 0.017708333333333333 0.035416666666666666
0 0.8088541666666667 0.4739583333333333 0.015104166666666667 0.028645833333333332
0 0.790625 0.8651041666666667 0.018229166666666668 0.030208333333333334
0 0.6265625 0.5807291666666666 0.016666666666666666 0.03229166666666667
0 0.4114583333333333 0.428125 0.029166666666666667 0.0328125
0 0.8713541666666667 0.8703125 0.0296875 0.04635416666666667
1 0.9880208333333333 0.615625 0.0234375 0.04791666666666667
0 0.8255208333333334 0.5848958333333333 0.030729166666666665 0.051041666666666666
0 0.8932291666666666 0.37916666666666665 0.019791666666666666 0.0328125
0 0.7697916666666667 0.3015625 0.015104166666666667 0.030208333333333334
0 0.4375 0.4817708333333333 0.016666666666666666 0.028125
0 0.7505208333333333 0.21666666666666667 0.015625 0.028125
0 0.8828125 0.4401041666666667 0.0171875 0.029166666666666667
0 0.4192708333333333 0.5354166666666667 0.018229166666666668 0.029166666666666667
0 0.846875 0.7177083333333333 0.016145833333333335 0.030729166666666665
0 0.24270833333333333 0.5270833333333333 0.01875 0.030208333333333334
0 0.8265625 0.15677083333333333 0.015625 0.028645833333333332
0 0.25885416666666666 0.31354166666666666 0.016666666666666666 0.03125
0 0.48854166666666665 0.4796875 0.021354166666666667 0.034375
0 0.4322916666666667 0.8161458333333333 0.018229166666666668 0.029166666666666667
0 0.5635416666666667 0.9505208333333334 0.0171875 0.03125
0 0.434375 0.6421875 0.016666666666666666 0.03177083333333333
0 0.27239583333333334 0.5234375 0.01875 0.0296875
0 0.8348958333333333 0.19375 0.015625 0.022916666666666665
0 0.7666666666666667 0.3958333333333333 0.0171875 0.025520833333333333
0 0.7333333333333333 0.0921875 0.016666666666666666 0.0265625
0 0.42604166666666665 0.38385416666666666 0.01875 0.03125
0 0.7270833333333333 0.6234375 0.01875 0.030729166666666665
0 0.9385416666666667 0.5510416666666667 0.0171875 0.030208333333333334
0 0.5848958333333333 0.8291666666666667 0.018229166666666668 0.026041666666666668
0 0.24166666666666667 0.7182291666666667 0.016666666666666666 0.0265625
0 0.546875 0.28229166666666666 0.017708333333333333 0.0375
0 0.38229166666666664 0.31927083333333334 0.015625 0.036458333333333336
0 0.4484375 0.9020833333333333 0.016145833333333335 0.028125
0 0.5625 0.7546875 0.019270833333333334 0.033854166666666664
0 0.8583333333333333 0.4114583333333333 0.023958333333333335 0.03229166666666667
0 0.8890625 0.575 0.015104166666666667 0.028645833333333332
0 0.328125 0.9541666666666667 0.017708333333333333 0.027083333333333334
0 0.7046875 0.084375 0.01875 0.0296875
0 0.76875 0.13854166666666667 0.016145833333333335 0.021354166666666667
0 0.3546875 0.084375 0.019791666666666666 0.035416666666666666
0 0.7203125 0.32135416666666666 0.018229166666666668 0.030208333333333334
0 0.2604166666666667 0.9494791666666667 0.018229166666666668 0.030208333333333334
0 0.1921875 0.13385416666666666 0.01875 0.03333333333333333
1 0.7916666666666666 0.5119791666666667 0.0203125 0.042708333333333334
0 0.396875 0.7369791666666666 0.021354166666666667 0.0390625
0 0.3072916666666667 0.4041666666666667 0.0171875 0.03333333333333333
0 0.7557291666666667 0.6458333333333334 0.018229166666666668 0.0234375
0 0.6796875 0.3776041666666667 0.01875 0.03125
0 0.29635416666666664 0.975 0.015625 0.030208333333333334
0 0.4375 0.9463541666666667 0.017708333333333333 0.03229166666666667
0 0.196875 0.8984375 0.019791666666666666 0.0296875
0 0.2015625 0.9260416666666667 0.017708333333333333 0.0328125
0 0.5322916666666667 0.9645833333333333 0.016145833333333335 0.029166666666666667
0 0.40729166666666666 0.13125 0.025520833333333333 0.033854166666666664
0 0.7302083333333333 0.6786458333333333 0.021354166666666667 0.036458333333333336
1 0.9390625 0.8536458333333333 0.019791666666666666 0.030729166666666665
0 0.09895833333333333 0.1796875 0.018229166666666668 0.029166666666666667
0 0.8630208333333333 0.3567708333333333 0.01875 0.030208333333333334
0 0.39895833333333336 0.3453125 0.019270833333333334 0.0296875
0 0.09166666666666666 0.6744791666666666 0.015625 0.03333333333333333
0 0.728125 0.5328125 0.018229166666666668 0.034375
0 0.8578125 0.6609375 0.01875 0.035416666666666666
0 0.8151041666666666 0.3953125 0.01875 0.0296875
1 0.9567708333333333 0.5635416666666667 0.0203125 0.040625
0 0.7411458333333333 0.3885416666666667 0.01875 0.03229166666666667
0 0.29635416666666664 0.6833333333333333 0.013541666666666667 0.029166666666666667
0 0.7578125 0.053125 0.016666666666666666 0.028645833333333332
0 0.278125 0.65 0.019791666666666666 0.034895833333333334
0 0.7052083333333333 0.20989583333333334 0.019791666666666666 0.035416666666666666
0 0.7385416666666667 0.8291666666666667 0.017708333333333333 0.03333333333333333
0 0.43385416666666665 0.5979166666666667 0.021875 0.030729166666666665
0 0.5489583333333333 0.9859375 0.015104166666666667 0.027604166666666666
1 0.075 0.7161458333333334 0.022916666666666665 0.046875
0 0.234375 0.6640625 0.024479166666666666 0.044270833333333336
0 0.41354166666666664 0.9869791666666666 0.016145833333333335 0.025520833333333333
0 0.07708333333333334 0.9609375 0.018229166666666668 0.0328125
0 0.6770833333333334 0.1484375 0.021875 0.036458333333333336
0 0.9520833333333333 0.9479166666666666 0.01875 0.030208333333333334
0 0.7614583333333333 0.9546875 0.0203125 0.033854166666666664
1 0.978125 0.5130208333333334 0.022916666666666665 0.03697916666666667
0 0.6203125 0.8505208333333333 0.0171875 0.0375
0 0.8109375 0.20572916666666666 0.018229166666666668 0.027604166666666666
0 0.30520833333333336 0.9255208333333333 0.019791666666666666 0.026041666666666668
0 0.6453125 0.45208333333333334 0.022395833333333334 0.03958333333333333
1 0.971875 0.75625 0.021354166666666667 0.035416666666666666
0 0.22552083333333334 0.8635416666666667 0.022916666666666665 0.04739583333333333
0 0.8541666666666666 0.5239583333333333 0.027604166666666666 0.050520833333333334
0 0.12291666666666666 0.8765625 0.021354166666666667 0.03958333333333333
1 0.6604166666666667 0.7567708333333333 0.025520833333333333 0.035416666666666666
0 0.7197916666666667 0.0171875 0.015104166666666667 0.03177083333333333
0 0.7489583333333333 0.2703125 0.021875 0.050520833333333334
0 0.05364583333333333 0.709375 0.018229166666666668 0.0296875
1 0.9203125 0.39166666666666666 0.022916666666666665 0.04114583333333333
1 0.9609375 0.878125 0.017708333333333333 0.028125
0 0.6703125 0.6708333333333333 0.0203125 0.0359375
0 0.2604166666666667 0.5682291666666667 0.0171875 0.05416666666666667
0 0.7598958333333333 0.5109375 0.023958333333333335 0.03333333333333333
0 0.20885416666666667 0.049479166666666664 0.0265625 0.036458333333333336
1 0.8947916666666667 0.225 0.023958333333333335 0.0390625
0 0.384375 0.9838541666666667 0.0203125 0.03177083333333333
0 0.3307291666666667 0.9890625 0.021875 0.021875
0 0.26979166666666665 0.026041666666666668 0.028645833333333332 0.04791666666666667
0 0.41458333333333336 0.4973958333333333 0.0125 0.0296875
0 0.34479166666666666 0.9114583333333334 0.020833333333333332 0.04479166666666667
0 0.3078125 0.859375 0.019791666666666666 0.0453125
0 0.8296875 0.32395833333333335 0.016666666666666666 0.027604166666666666
0 0.5578125 0.6369791666666667 0.019791666666666666 0.026041666666666668
0 0.7328125 0.4661458333333333 0.017708333333333333 0.025
0 0.5692708333333333 0.49635416666666665 0.0203125 0.036458333333333336
0 0.5734375 0.3640625 0.0203125 0.0359375
0 0.5671875 0.4 0.015104166666666667 0.030208333333333334
0 0.5833333333333334 0.39114583333333336 0.022916666666666665 0.033854166666666664
0 0.521875 0.10572916666666667 0.016666666666666666 0.0375
0 0.5864583333333333 0.3296875 0.014583333333333334 0.0296875
0 0.6359375 0.19895833333333332 0.017708333333333333 0.03125
0 0.7072916666666667 0.846875 0.019270833333333334 0.027083333333333334
0 0.3416666666666667 0.6588541666666666 0.018229166666666668 0.028645833333333332
0 0.19322916666666667 0.7182291666666667 0.013541666666666667 0.028645833333333332
0 0.2078125 0.7859375 0.0203125 0.03125
0 0.2989583333333333 0.14895833333333333 0.0234375 0.0421875
0 0.35104166666666664 0.43333333333333335 0.035416666666666666 0.05572916666666667
1 0.9635416666666666 0.6546875 0.027604166666666666 0.07291666666666667
1 0.28177083333333336 0.4744791666666667 0.044270833333333336 0.03802083333333333
0 0.6171875 0.6578125 0.03177083333333333 0.05677083333333333
0 0.24739583333333334 0.3802083333333333 0.021875 0.034375
1 0.31666666666666665 0.2557291666666667 0.034895833333333334 0.049479166666666664
0 0.3645833333333333 0.5182291666666666 0.017708333333333333 0.030208333333333334
1 0.36354166666666665 0.5666666666666667 0.029166666666666667 0.042708333333333334
0 0.3921875 0.559375 0.01875 0.036458333333333336
0 0.4859375 0.5182291666666666 0.016666666666666666 0.030208333333333334
0 0.5229166666666667 0.29270833333333335 0.025520833333333333 0.035416666666666666
0 0.6463541666666667 0.35260416666666666 0.0171875 0.029166666666666667
0 0.6380208333333334 0.26614583333333336 0.022395833333333334 0.03697916666666667
0 0.6328125 0.3171875 0.015104166666666667 0.029166666666666667
0 0.453125 0.44166666666666665 0.016666666666666666 0.03229166666666667
0 0.48854166666666665 0.4328125 0.0171875 0.0265625
0 0.5026041666666666 0.5880208333333333 0.015625 0.030208333333333334
0 0.459375 0.671875 0.011979166666666667 0.0234375
0 0.4822916666666667 0.81875 0.019270833333333334 0.034895833333333334
0 0.3072916666666667 0.7979166666666667 0.016145833333333335 0.030729166666666665
0 0.36666666666666664 0.878125 0.016666666666666666 0.03125
0 0.34427083333333336 0.8302083333333333 0.0125 0.020833333333333332
0 0.415625 0.6755208333333333 0.011979166666666667 0.026041666666666668
0 0.28854166666666664 0.8197916666666667 0.01875 0.019270833333333334
0 0.27291666666666664 0.8291666666666667 0.0171875 0.027604166666666666
0 0.28489583333333335 0.8604166666666667 0.021354166666666667 0.0265625
0 0.29010416666666666 0.778125 0.0203125 0.030208333333333334
0 0.25625 0.6708333333333333 0.019791666666666666 0.029166666666666667
0 0.2598958333333333 0.6234375 0.019270833333333334 0.034895833333333334
0 0.20833333333333334 0.6875 0.019791666666666666 0.033854166666666664
0 0.22083333333333333 0.63125 0.013020833333333334 0.033854166666666664
0 0.24427083333333333 0.5911458333333334 0.0171875 0.025
0 0.16614583333333333 0.85625 0.021354166666666667 0.0265625
0 0.21875 0.828125 0.017708333333333333 0.0265625
0 0.2359375 0.8276041666666667 0.021875 0.0296875
0 0.3296875 0.4625 0.019791666666666666 0.034895833333333334
0 0.6776041666666667 0.5817708333333333 0.0171875 0.0390625
0 0.6770833333333334 0.5296875 0.0171875 0.03177083333333333
0 0.7307291666666667 0.4354166666666667 0.024479166666666666 0.033854166666666664
0 0.7135416666666666 0.41041666666666665 0.025520833333333333 0.0390625
0 0.8614583333333333 0.45677083333333335 0.019270833333333334 0.025520833333333333
0 0.6520833333333333 0.8619791666666666 0.0203125 0.022395833333333334
0 0.5036458333333333 0.9583333333333334 0.016145833333333335 0.023958333333333335
0 0.6739583333333333 0.978125 0.020833333333333332 0.025
0 0.7682291666666666 0.9046875 0.021875 0.018229166666666668
0 0.9166666666666666 0.28854166666666664 0.022395833333333334 0.03958333333333333
0 0.8041666666666667 0.13385416666666666 0.03125 0.05260416666666667
0 0.65625 0.013020833333333334 0.018229166666666668 0.026041666666666668
0 0.6463541666666667 0.0328125 0.013541666666666667 0.0296875
0 0.653125 0.07760416666666667 0.0171875 0.036458333333333336
0 0.7307291666666667 0.06197916666666667 0.019791666666666666 0.033854166666666664
0 0.45729166666666665 0.41822916666666665 0.0171875 0.0296875
0 0.5958333333333333 0.4125 0.018229166666666668 0.0265625
0 0.559375 0.303125 0.015625 0.03125
0 0.5682291666666667 0.32916666666666666 0.0171875 0.0265625
0 0.5755208333333334 0.3078125 0.014583333333333334 0.026041666666666668
0 0.546875 0.16979166666666667 0.019270833333333334 0.028125
0 0.571875 0.12604166666666666 0.016145833333333335 0.029166666666666667
0 0.6161458333333333 0.10625 0.017708333333333333 0.021875
0 0.6697916666666667 0.11041666666666666 0.0140625 0.026041666666666668
0 0.575 0.09791666666666667 0.016145833333333335 0.026041666666666668
0 0.4791666666666667 0.20677083333333332 0.019791666666666666 0.027083333333333334
0 0.4947916666666667 0.19739583333333333 0.018229166666666668 0.027083333333333334
0 0.47708333333333336 0.13697916666666668 0.01875 0.041666666666666664
0 0.4317708333333333 0.1578125 0.014583333333333334 0.028645833333333332
0 0.44375 0.3776041666666667 0.014583333333333334 0.028125
0 0.43385416666666665 0.43333333333333335 0.01875 0.03177083333333333
0 0.5885416666666666 0.8552083333333333 0.0171875 0.030208333333333334
0 0.5625 0.9177083333333333 0.014583333333333334 0.027604166666666666
0 0.46197916666666666 0.9380208333333333 0.0171875 0.025520833333333333
0 0.47604166666666664 0.9661458333333334 0.014583333333333334 0.0171875
0 0.45416666666666666 0.8385416666666666 0.014583333333333334 0.022395833333333334
0 0.459375 0.7239583333333334 0.016145833333333335 0.027604166666666666
0 0.76875 0.8713541666666667 0.018229166666666668 0.0234375
0 0.8130208333333333 0.665625 0.016666666666666666 0.01875
0 0.7796875 0.6416666666666667 0.014583333333333334 0.021354166666666667
0 0.7536458333333333 0.4375 0.016666666666666666 0.025
0 0.7583333333333333 0.4588541666666667 0.018229166666666668 0.027604166666666666
0 0.7489583333333333 0.4765625 0.013020833333333334 0.025520833333333333
0 0.8333333333333334 0.10833333333333334 0.0203125 0.035416666666666666
0 0.3265625 0.5463541666666667 0.0296875 0.036458333333333336
0 0.5989583333333334 0.56875 0.01875 0.0296875
0 0.7229166666666667 0.9192708333333334 0.0109375 0.021875
0 0.5286458333333334 0.740625 0.022916666666666665 0.0265625