0 0.5880208333333333 0.17916666666666667 0.026041666666666668 0.040625
0 0.84375 0.12239583333333333 0.023958333333333335 0.03802083333333333
0 0.7630208333333334 0.12916666666666668 0.023958333333333335 0.04479166666666667
0 0.7427083333333333 0.24895833333333334 0.025520833333333333 0.0453125
0 0.49114583333333334 0.33541666666666664 0.03697916666666667 0.05520833333333333
0 0.5625 0.2552083333333333 0.025520833333333333 0.04479166666666667
0 0.5359375 0.16666666666666666 0.027083333333333334 0.040625
0 0.5354166666666667 0.21302083333333333 0.027604166666666666 0.03333333333333333
0 0.6052083333333333 0.7489583333333333 0.028125 0.057291666666666664
0 0.5171875 0.5645833333333333 0.040625 0.06458333333333334
0 0.26875 0.5833333333333334 0.0328125 0.05520833333333333
0 0.065625 0.328125 0.04583333333333333 0.07083333333333333
0 0.021875 0.08697916666666666 0.035416666666666666 0.05520833333333333
0 0.39114583333333336 0.690625 0.03177083333333333 0.052083333333333336
1 0.6875 0.5041666666666667 0.06458333333333334 0.07447916666666667
1 0.7322916666666667 0.5796875 0.07291666666666667 0.06666666666666667
1 0.7901041666666667 0.6661458333333333 0.084375 0.0578125
1 0.6541666666666667 0.6598958333333333 0.059895833333333336 0.14166666666666666
1 0.790625 0.7640625 0.06666666666666667 0.0765625
1 0.771875 0.49895833333333334 0.075 0.08645833333333333
0 0.6640625 0.21354166666666666 0.023958333333333335 0.049479166666666664
0 0.4166666666666667 0.1671875 0.0328125 0.053125
0 0.834375 0.5364583333333334 0.034375 0.06458333333333334
0 0.1609375 0.6640625 0.019270833333333334 0.043229166666666666
0 0.08125 0.7083333333333334 0.0234375 0.0390625
0 0.565625 0.7296875 0.03958333333333333 0.0453125
0 0.5411458333333333 0.7020833333333333 0.03177083333333333 0.0515625
0 0.6380208333333334 0.9067708333333333 0.020833333333333332 0.0375
0 0.6989583333333333 0.875 0.025 0.03802083333333333
0 0.33177083333333335 0.7963541666666667 0.018229166666666668 0.03125
0 0.09583333333333334 0.396875 0.0375 0.0765625
0 0.16354166666666667 0.53125 0.027083333333333334 0.05677083333333333
0 0.4401041666666667 0.8296875 0.020833333333333332 0.030208333333333334
0 0.4239583333333333 0.778125 0.019270833333333334 0.03854166666666667
1 0.7 0.440625 0.034895833333333334 0.08541666666666667
1 0.7151041666666667 0.6354166666666666 0.026041666666666668 0.053125
0 0.41875 0.9260416666666667 0.017708333333333333 0.0328125
0 0.6484375 0.5479166666666667 0.040625 0.07083333333333333
0 0.6927083333333334 0.19114583333333332 0.026041666666666668 0.0421875
0 0.5270833333333333 0.8984375 0.022395833333333334 0.030208333333333334
0 0.5427083333333333 0.3072916666666667 0.024479166666666666 0.051041666666666666
1 0.7614583333333333 0.6635416666666667 0.0296875 0.059895833333333336
1 0.7697916666666667 0.45208333333333334 0.0296875 0.04895833333333333
0 0.6067708333333334 0.390625 0.030729166666666665 0.058333333333333334
0 0.9177083333333333 0.7890625 0.0359375 0.05572916666666667
0 0.8911458333333333 0.49375 0.030208333333333334 0.07083333333333333
0 0.9265625 0.8682291666666667 0.030208333333333334 0.041666666666666664
0 0.8135416666666667 0.9463541666666667 0.022395833333333334 0.040625
1 0.75625 0.9583333333333334 0.023958333333333335 0.07135416666666666
0 0.03958333333333333 0.5541666666666667 0.01875 0.044270833333333336
0 0.24791666666666667 0.6619791666666667 0.025 0.0390625
0 0.3421875 0.43802083333333336 0.03854166666666667 0.03229166666666667
0 0.5921875 0.08333333333333333 0.024479166666666666 0.040625
0 0.7151041666666667 0.2833333333333333 0.023958333333333335 0.059895833333333336
0 0.8630208333333333 0.4427083333333333 0.034895833333333334 0.05572916666666667
0 0.8541666666666666 0.37604166666666666 0.03177083333333333 0.05572916666666667
0 0.06458333333333334 0.5744791666666667 0.03333333333333333 0.0421875
0 0.5197916666666667 0.5041666666666667 0.028645833333333332 0.06354166666666666
0 0.6328125 0.23020833333333332 0.027604166666666666 0.049479166666666664
0 0.7463541666666667 0.20364583333333333 0.030208333333333334 0.04114583333333333
1 0.8645833333333334 0.759375 0.05677083333333333 0.12291666666666666
0 0.4630208333333333 0.08177083333333333 0.030208333333333334 0.0484375