0 0.9994791666666667 0.8927083333333333 0.0010416666666666667 0.0020833333333333333
0 0.48854166666666665 0.25052083333333336 0.03958333333333333 0.06041666666666667
0 0.64375 0.8328125 0.03333333333333333 0.04375
0 0.41354166666666664 0.9083333333333333 0.027083333333333334 0.0578125
0 0.43125 0.11979166666666667 0.0203125 0.07291666666666667
0 0.453125 0.16979166666666667 0.0265625 0.0359375
0 0.39947916666666666 0.6510416666666666 0.0359375 0.06458333333333334
0 0.4875 0.8557291666666667 0.025520833333333333 0.05260416666666667
0 0.5333333333333333 0.765625 0.024479166666666666 0.0421875
0 0.3338541666666667 0.19114583333333332 0.034375 0.06354166666666666
0 0.5161458333333333 0.5052083333333334 0.026041666666666668 0.046875
0 0.9453125 0.9203125 0.0328125 0.06979166666666667
0 0.32135416666666666 0.7828125 0.0265625 0.03958333333333333