0 0.49375 0.09583333333333334 0.04010416666666667 0.07708333333333334
0 0.20104166666666667 0.4041666666666667 0.05364583333333333 0.08177083333333333
0 0.5458333333333333 0.33697916666666666 0.0484375 0.10572916666666667
0 0.5260416666666666 0.4979166666666667 0.0578125 0.09114583333333333
0 0.6083333333333333 0.375 0.050520833333333334 0.10572916666666667
0 0.8807291666666667 0.415625 0.05625 0.121875
0 0.6854166666666667 0.16614583333333333 0.049479166666666664 0.08541666666666667
0 0.17864583333333334 0.8932291666666666 0.025520833333333333 0.08489583333333334
0 0.17447916666666666 0.6885416666666667 0.0609375 0.05677083333333333
0 0.6567708333333333 0.4630208333333333 0.04583333333333333 0.11770833333333333
0 0.7135416666666666 0.08645833333333333 0.0359375 0.07239583333333334
0 0.6739583333333333 0.36614583333333334 0.04479166666666667 0.09583333333333334
0 0.6760416666666667 0.8453125 0.05520833333333333 0.11510416666666666
0 0.10833333333333334 0.74375 0.025520833333333333 0.06770833333333333
0 0.728125 0.9072916666666667 0.07395833333333333 0.08802083333333334
0 0.3234375 0.6104166666666667 0.034895833333333334 0.12708333333333333
0 0.4432291666666667 0.6677083333333333 0.07083333333333333 0.07083333333333333
0 0.0859375 0.1171875 0.05416666666666667 0.058333333333333334
0 0.8505208333333333 0.7973958333333333 0.07447916666666667 0.11354166666666667
0 0.9713541666666666 0.86875 0.05416666666666667 0.10208333333333333
0 0.8010416666666667 0.8348958333333333 0.0671875 0.08541666666666667
0 0.2526041666666667 0.011458333333333333 0.020833333333333332 0.021875