0 0.6619791666666667 0.38333333333333336 0.0515625 0.06927083333333334
0 0.56875 0.1640625 0.04739583333333333 0.07395833333333333
0 0.5223958333333333 0.21458333333333332 0.035416666666666666 0.05
0 0.5708333333333333 0.2552083333333333 0.0421875 0.07708333333333334
0 0.43802083333333336 0.22083333333333333 0.028645833333333332 0.03854166666666667
0 0.48333333333333334 0.671875 0.024479166666666666 0.05260416666666667
0 0.39739583333333334 0.7010416666666667 0.0140625 0.03125
0 0.42864583333333334 0.5598958333333334 0.025 0.040625
0 0.403125 0.59375 0.019791666666666666 0.03802083333333333
0 0.4786458333333333 0.9140625 0.034895833333333334 0.0515625
1 0.6270833333333333 0.8177083333333334 0.07291666666666667 0.08541666666666667
0 0.45208333333333334 0.36302083333333335 0.027604166666666666 0.04739583333333333
0 0.3963541666666667 0.43697916666666664 0.019791666666666666 0.027083333333333334
0 0.471875 0.48385416666666664 0.028125 0.0453125
0 0.43072916666666666 0.4640625 0.021875 0.03854166666666667
1 0.4979166666666667 0.38229166666666664 0.03333333333333333 0.07760416666666667
0 0.4317708333333333 0.08958333333333333 0.019270833333333334 0.03802083333333333
0 0.40208333333333335 0.8427083333333333 0.019270833333333334 0.0359375
0 0.5244791666666667 0.9677083333333333 0.03333333333333333 0.0484375
1 0.6151041666666667 0.9171875 0.09010416666666667 0.07708333333333334
1 0.6270833333333333 0.7026041666666667 0.06041666666666667 0.08125
1 0.6276041666666666 0.5104166666666666 0.08489583333333334 0.1078125
1 0.584375 0.5989583333333334 0.08854166666666667 0.058854166666666666
0 0.3692708333333333 0.5515625 0.018229166666666668 0.04010416666666667
0 0.3848958333333333 0.8864583333333333 0.017708333333333333 0.03229166666666667
0 0.5291666666666667 0.3963541666666667 0.024479166666666666 0.059375
0 0.5927083333333333 0.3536458333333333 0.05 0.05572916666666667
0 0.5661458333333333 0.396875 0.04010416666666667 0.07083333333333333
0 0.465625 0.32135416666666666 0.029166666666666667 0.0390625
0 0.5098958333333333 0.6026041666666667 0.03697916666666667 0.04583333333333333
0 0.46145833333333336 0.6244791666666667 0.01875 0.05625
0 0.43072916666666666 0.6083333333333333 0.021875 0.0390625
1 0.7296875 0.5583333333333333 0.0953125 0.13541666666666666
1 0.93125 0.6239583333333333 0.13541666666666666 0.121875
1 0.8557291666666667 0.39010416666666664 0.08020833333333334 0.2578125
1 0.8932291666666666 0.8020833333333334 0.10677083333333333 0.10833333333333334
1 0.7104166666666667 0.946875 0.0875 0.10625
0 0.8447916666666667 0.04479166666666667 0.022395833333333334 0.04479166666666667
1 0.7869791666666667 0.8442708333333333 0.07604166666666666 0.184375
0 0.43854166666666666 0.40520833333333334 0.020833333333333332 0.044270833333333336
0 0.4317708333333333 0.7536458333333333 0.028125 0.044270833333333336
0 0.4953125 0.7984375 0.023958333333333335 0.04114583333333333
0 0.5026041666666666 0.884375 0.03177083333333333 0.03125
0 0.5161458333333333 0.9260416666666667 0.03229166666666667 0.0484375
0 0.5984375 0.8661458333333333 0.030208333333333334 0.03229166666666667
0 0.36770833333333336 0.3802083333333333 0.019791666666666666 0.04010416666666667
0 0.36614583333333334 0.4244791666666667 0.0171875 0.0265625
0 0.42291666666666666 0.3885416666666667 0.0265625 0.021875