0 0.39791666666666664 0.27395833333333336 0.03958333333333333 0.08177083333333333
0 0.6333333333333333 0.8598958333333333 0.021354166666666667 0.041666666666666664
0 0.334375 0.621875 0.03125 0.04739583333333333
0 0.2125 0.29583333333333334 0.027604166666666666 0.051041666666666666
0 0.8546875 0.7140625 0.022395833333333334 0.03125
0 0.5875 0.8635416666666667 0.0234375 0.04114583333333333
0 0.584375 0.7833333333333333 0.0171875 0.03958333333333333
0 0.3463541666666667 0.29270833333333335 0.04010416666666667 0.06510416666666667
1 0.740625 0.5859375 0.0484375 0.0765625
0 0.7765625 0.6354166666666666 0.0203125 0.03697916666666667
0 0.6385416666666667 0.34791666666666665 0.027083333333333334 0.043229166666666666
0 0.3177083333333333 0.14583333333333334 0.0390625 0.06510416666666667
0 0.5901041666666667 0.7328125 0.025 0.03697916666666667
0 0.5015625 0.7895833333333333 0.018229166666666668 0.03125
0 0.4947916666666667 0.7244791666666667 0.028125 0.0484375
0 0.40677083333333336 0.6192708333333333 0.028125 0.034895833333333334
0 0.2828125 0.21770833333333334 0.028125 0.06145833333333333
0 0.15833333333333333 0.45677083333333335 0.027604166666666666 0.046875
0 0.4666666666666667 0.278125 0.04583333333333333 0.05625
0 0.3880208333333333 0.43802083333333336 0.03854166666666667 0.042708333333333334
0 0.5583333333333333 0.8067708333333333 0.015104166666666667 0.042708333333333334
0 0.8302083333333333 0.39895833333333336 0.030729166666666665 0.06875
0 0.9322916666666666 0.2703125 0.03125 0.04375
1 0.5255208333333333 0.3671875 0.0671875 0.07083333333333333
1 0.4557291666666667 0.428125 0.06145833333333333 0.096875
1 0.7932291666666667 0.5458333333333333 0.0484375 0.09895833333333333
0 0.4088541666666667 0.6885416666666667 0.023958333333333335 0.03697916666666667
0 0.5359375 0.5338541666666666 0.0375 0.0765625
1 0.23125 0.5010416666666667 0.05416666666666667 0.0453125
0 0.2635416666666667 0.4046875 0.028125 0.028645833333333332
0 0.21458333333333332 0.4552083333333333 0.030208333333333334 0.04010416666666667
0 0.6010416666666667 0.9098958333333333 0.03333333333333333 0.0453125