0 0.7604166666666666 0.14583333333333334 0.0171875 0.03177083333333333
0 0.7890625 0.2630208333333333 0.015104166666666667 0.026041666666666668
0 0.815625 0.21822916666666667 0.01875 0.03177083333333333
0 0.7307291666666667 0.20520833333333333 0.0109375 0.017708333333333333
0 0.6916666666666667 0.14114583333333333 0.013541666666666667 0.022395833333333334
0 0.6171875 0.5880208333333333 0.0109375 0.021354166666666667
0 0.6776041666666667 0.5755208333333334 0.009375 0.016666666666666666
0 0.6807291666666667 0.5260416666666666 0.009895833333333333 0.021875
0 0.6609375 0.6453125 0.010416666666666666 0.014583333333333334
0 0.8796875 0.33697916666666666 0.008333333333333333 0.0171875
0 0.8322916666666667 0.3182291666666667 0.009895833333333333 0.018229166666666668
0 0.8234375 0.3020833333333333 0.008854166666666666 0.0171875
0 0.8234375 0.25729166666666664 0.013020833333333334 0.022916666666666665
0 0.7041666666666667 0.18958333333333333 0.009375 0.01875
0 0.7171875 0.22395833333333334 0.010416666666666666 0.016145833333333335
0 0.5286458333333334 0.7166666666666667 0.013020833333333334 0.017708333333333333
0 0.2708333333333333 0.9088541666666666 0.017708333333333333 0.027083333333333334
0 0.40989583333333335 0.8046875 0.015104166666666667 0.019270833333333334
0 0.4328125 0.953125 0.013541666666666667 0.020833333333333332
0 0.4953125 0.45260416666666664 0.010416666666666666 0.0203125
0 0.390625 0.43020833333333336 0.011458333333333333 0.015625
0 0.4005208333333333 0.471875 0.011979166666666667 0.017708333333333333
0 0.40677083333333336 0.196875 0.009895833333333333 0.01875
0 0.39427083333333335 0.24583333333333332 0.011979166666666667 0.019270833333333334
1 0.7734375 0.24166666666666667 0.014583333333333334 0.03229166666666667
0 0.7104166666666667 0.6036458333333333 0.010416666666666666 0.0203125
0 0.4625 0.8166666666666667 0.011458333333333333 0.019270833333333334
0 0.5515625 0.7755208333333333 0.011979166666666667 0.0203125
0 0.6067708333333334 0.0328125 0.013020833333333334 0.0203125
0 0.6583333333333333 0.9322916666666666 0.008854166666666666 0.019791666666666666
0 0.20833333333333334 0.8677083333333333 0.0125 0.022395833333333334
0 0.6770833333333334 0.6473958333333333 0.011979166666666667 0.020833333333333332
0 0.31666666666666665 0.959375 0.0125 0.0203125
0 0.54375 0.7348958333333333 0.009895833333333333 0.016666666666666666
0 0.5416666666666666 0.8401041666666667 0.010416666666666666 0.020833333333333332
0 0.7744791666666667 0.1890625 0.016145833333333335 0.0296875
0 0.5677083333333334 0.5869791666666667 0.011458333333333333 0.025
0 0.043229166666666666 0.3182291666666667 0.013020833333333334 0.019270833333333334
0 0.7453125 0.20260416666666667 0.013541666666666667 0.0234375
0 0.5026041666666666 0.7166666666666667 0.009375 0.0234375
0 0.2296875 0.8994791666666667 0.013020833333333334 0.021875
0 0.5171875 0.7932291666666667 0.013541666666666667 0.0234375
0 0.6505208333333333 0.8932291666666666 0.011979166666666667 0.018229166666666668
0 0.8364583333333333 0.2838541666666667 0.0140625 0.025
0 0.5114583333333333 0.9598958333333333 0.0109375 0.019791666666666666
0 0.14010416666666667 0.40677083333333336 0.009895833333333333 0.017708333333333333
0 0.21197916666666666 0.9411458333333333 0.013541666666666667 0.020833333333333332
0 0.45729166666666665 0.7791666666666667 0.0140625 0.022916666666666665
0 0.6744791666666666 0.4984375 0.011458333333333333 0.024479166666666666
0 0.6130208333333333 0.9411458333333333 0.0109375 0.018229166666666668
0 0.2 0.6098958333333333 0.009895833333333333 0.019270833333333334
0 0.3828125 0.79375 0.013020833333333334 0.021354166666666667
0 0.58125 0.8822916666666667 0.011458333333333333 0.024479166666666666
0 0.6005208333333333 0.9489583333333333 0.011979166666666667 0.019270833333333334
1 0.11875 0.9010416666666666 0.01875 0.027604166666666666
0 0.2828125 0.8208333333333333 0.010416666666666666 0.019791666666666666
0 0.5692708333333333 0.7072916666666667 0.011458333333333333 0.027083333333333334
0 0.5552083333333333 0.8557291666666667 0.013020833333333334 0.023958333333333335
0 0.4192708333333333 0.8916666666666667 0.009895833333333333 0.017708333333333333
1 0.5114583333333333 0.6380208333333334 0.014583333333333334 0.022395833333333334
0 0.103125 0.7276041666666667 0.0109375 0.01875
0 0.19739583333333333 0.47708333333333336 0.01875 0.03177083333333333
0 0.7661458333333333 0.846875 0.0109375 0.019270833333333334
0 0.5333333333333333 0.9833333333333333 0.014583333333333334 0.023958333333333335
0 0.5171875 0.8427083333333333 0.007291666666666667 0.0125
0 0.11145833333333334 0.8036458333333333 0.011979166666666667 0.019270833333333334
0 0.153125 0.36302083333333335 0.011458333333333333 0.017708333333333333
1 0.5822916666666667 0.9557291666666666 0.013020833333333334 0.019791666666666666
0 0.1546875 0.14114583333333333 0.009375 0.015625
0 0.08125 0.278125 0.009375 0.016145833333333335
0 0.0921875 0.2520833333333333 0.0125 0.015625
0 0.15625 0.4276041666666667 0.011458333333333333 0.015625
0 0.041666666666666664 0.7828125 0.011979166666666667 0.01875
0 0.18802083333333333 0.6604166666666667 0.009375 0.015625
0 0.565625 0.8052083333333333 0.0140625 0.022395833333333334
0 0.2140625 0.8229166666666666 0.009895833333333333 0.015104166666666667
1 0.17708333333333334 0.9671875 0.0203125 0.030208333333333334
0 0.6255208333333333 0.7536458333333333 0.015625 0.0203125
0 0.03802083333333333 0.5770833333333333 0.011458333333333333 0.017708333333333333
0 0.15260416666666668 0.703125 0.013020833333333334 0.022395833333333334
0 0.23020833333333332 0.3729166666666667 0.009375 0.017708333333333333
0 0.06354166666666666 0.4046875 0.010416666666666666 0.016145833333333335
0 0.5583333333333333 0.890625 0.0125 0.021875
0 0.08177083333333333 0.8416666666666667 0.021875 0.034895833333333334
0 0.13333333333333333 0.4515625 0.011458333333333333 0.016145833333333335
0 0.09427083333333333 0.9661458333333334 0.016666666666666666 0.029166666666666667
0 0.9177083333333333 0.38645833333333335 0.013020833333333334 0.0203125
0 0.5953125 0.7125 0.013020833333333334 0.0328125
0 0.028125 0.6291666666666667 0.0125 0.021354166666666667
0 0.11145833333333334 0.64375 0.013020833333333334 0.0203125
0 0.5510416666666667 0.0171875 0.010416666666666666 0.027604166666666666
0 0.215625 0.9854166666666667 0.011458333333333333 0.0203125
0 0.065625 0.9296875 0.013020833333333334 0.021354166666666667
0 0.17864583333333334 0.9364583333333333 0.010416666666666666 0.0203125
0 0.30052083333333335 0.9177083333333333 0.010416666666666666 0.027083333333333334
0 0.1078125 0.8526041666666667 0.010416666666666666 0.016666666666666666
0 0.35520833333333335 0.9635416666666666 0.015625 0.028125
0 0.0921875 0.7703125 0.013020833333333334 0.019791666666666666
0 0.14322916666666666 0.8302083333333333 0.011979166666666667 0.019270833333333334
0 0.625 0.959375 0.0109375 0.021875
0 0.0625 0.6515625 0.009895833333333333 0.016145833333333335
0 0.109375 0.184375 0.0109375 0.0171875
0 0.2786458333333333 0.6119791666666666 0.018229166666666668 0.025520833333333333
0 0.39895833333333336 0.32135416666666666 0.015104166666666667 0.023958333333333335
0 0.15989583333333332 0.51875 0.011458333333333333 0.017708333333333333
0 0.11145833333333334 0.559375 0.011979166666666667 0.0234375
0 0.0625 0.058333333333333334 0.016145833333333335 0.027083333333333334
0 0.057291666666666664 0.26666666666666666 0.011979166666666667 0.01875
0 0.18177083333333333 0.3020833333333333 0.009895833333333333 0.017708333333333333
0 0.1359375 0.9479166666666666 0.013541666666666667 0.0234375
0 0.4 0.13645833333333332 0.009895833333333333 0.0171875
0 0.21875 0.2838541666666667 0.0078125 0.013541666666666667
0 0.171875 0.815625 0.009895833333333333 0.016666666666666666
0 0.6994791666666667 0.9078125 0.009895833333333333 0.018229166666666668
0 0.35885416666666664 0.2520833333333333 0.011979166666666667 0.021354166666666667
0 0.23541666666666666 0.7869791666666667 0.009375 0.014583333333333334
0 0.6260416666666667 0.3255208333333333 0.010416666666666666 0.016145833333333335
0 0.5359375 0.1890625 0.008333333333333333 0.015104166666666667
0 0.5442708333333334 0.26614583333333336 0.009895833333333333 0.0171875
0 0.5885416666666666 0.2140625 0.009375 0.018229166666666668
0 0.5979166666666667 0.09947916666666666 0.010416666666666666 0.019791666666666666
0 0.5645833333333333 0.13385416666666666 0.0078125 0.015104166666666667
0 0.5005208333333333 0.2552083333333333 0.009895833333333333 0.016666666666666666
0 0.49895833333333334 0.17708333333333334 0.008854166666666666 0.018229166666666668
0 0.5307291666666667 0.20364583333333333 0.0067708333333333336 0.014583333333333334
0 0.621875 0.17239583333333333 0.009895833333333333 0.01875
0 0.5755208333333334 0.8348958333333333 0.0109375 0.021875
0 0.8067708333333333 0.6666666666666666 0.008333333333333333 0.016666666666666666
0 0.7833333333333333 0.784375 0.009895833333333333 0.016666666666666666
0 0.7291666666666666 0.6375 0.011979166666666667 0.01875
0 0.359375 0.378125 0.026041666666666668 0.03697916666666667
0 0.4661458333333333 0.4666666666666667 0.018229166666666668 0.034895833333333334
0 0.47760416666666666 0.5104166666666666 0.0140625 0.027604166666666666
0 0.4171875 0.6255208333333333 0.015104166666666667 0.016145833333333335
0 0.4869791666666667 0.665625 0.009375 0.016666666666666666
0 0.5453125 0.6291666666666667 0.008854166666666666 0.017708333333333333
0 0.5786458333333333 0.6473958333333333 0.009895833333333333 0.017708333333333333
0 0.7192708333333333 0.19947916666666668 0.0109375 0.018229166666666668
0 0.19635416666666666 0.5145833333333333 0.007291666666666667 0.015625
0 0.303125 0.5052083333333334 0.010416666666666666 0.018229166666666668
0 0.3125 0.5255208333333333 0.0140625 0.026041666666666668
0 0.3723958333333333 0.5708333333333333 0.0140625 0.028645833333333332
0 0.3614583333333333 0.465625 0.009375 0.016666666666666666
0 0.3260416666666667 0.45 0.009375 0.0171875
0 0.33645833333333336 0.4473958333333333 0.008854166666666666 0.015104166666666667
0 0.29322916666666665 0.3984375 0.0078125 0.0171875
0 0.4166666666666667 0.7489583333333333 0.009895833333333333 0.016145833333333335
0 0.3703125 0.7354166666666667 0.011979166666666667 0.021875
0 0.37135416666666665 0.7026041666666667 0.0109375 0.021875
0 0.3848958333333333 0.7192708333333333 0.011458333333333333 0.018229166666666668
0 0.440625 0.6729166666666667 0.015104166666666667 0.021354166666666667
0 0.4192708333333333 0.6953125 0.0125 0.021875
0 0.3296875 0.6505208333333333 0.017708333333333333 0.0234375
0 0.3229166666666667 0.6651041666666667 0.011458333333333333 0.0171875
0 0.32864583333333336 0.6817708333333333 0.011979166666666667 0.01875
0 0.3333333333333333 0.7010416666666667 0.0067708333333333336 0.013020833333333334
0 0.33697916666666666 0.7171875 0.0078125 0.013541666666666667
0 0.3411458333333333 0.6989583333333333 0.010416666666666666 0.015104166666666667
0 0.2875 0.6661458333333333 0.014583333333333334 0.018229166666666668
0 0.2921875 0.6234375 0.010416666666666666 0.019791666666666666
0 0.328125 0.5989583333333334 0.0078125 0.0125
0 0.2703125 0.78125 0.0203125 0.028125
0 0.3104166666666667 0.6692708333333334 0.0109375 0.021354166666666667
0 0.2713541666666667 0.2869791666666667 0.009895833333333333 0.016666666666666666
0 0.7942708333333334 0.6036458333333333 0.0109375 0.021354166666666667
0 0.6203125 0.3953125 0.011979166666666667 0.015104166666666667
0 0.6354166666666666 0.4427083333333333 0.014583333333333334 0.018229166666666668
0 0.6364583333333333 0.4635416666666667 0.0125 0.022916666666666665
0 0.6255208333333333 0.4703125 0.0109375 0.027083333333333334
0 0.5489583333333333 0.35260416666666666 0.011458333333333333 0.011979166666666667
0 0.5484375 0.3234375 0.009895833333333333 0.019270833333333334
0 0.5557291666666667 0.315625 0.008854166666666666 0.018229166666666668
0 0.5911458333333334 0.3067708333333333 0.011458333333333333 0.015625
0 0.5932291666666667 0.3338541666666667 0.0109375 0.020833333333333332
0 0.5354166666666667 0.31614583333333335 0.010416666666666666 0.016666666666666666
0 0.5098958333333333 0.30052083333333335 0.0109375 0.015625
0 0.7265625 0.18489583333333334 0.014583333333333334 0.013541666666666667
0 0.7291666666666666 0.25416666666666665 0.013020833333333334 0.01875
0 0.6776041666666667 0.14114583333333333 0.013541666666666667 0.0234375
0 0.553125 0.06302083333333333 0.0140625 0.021354166666666667
0 0.49635416666666665 0.04479166666666667 0.013541666666666667 0.020833333333333332
0 0.525 0.009375 0.0140625 0.0171875