0 0.16302083333333334 0.8552083333333333 0.06197916666666667 0.09895833333333333
0 0.365625 0.75625 0.059895833333333336 0.075
0 0.4296875 0.7692708333333333 0.06927083333333334 0.10833333333333334
0 0.7020833333333333 0.45625 0.0625 0.10885416666666667
0 0.5010416666666667 0.34791666666666665 0.0609375 0.09947916666666666
0 0.409375 0.3072916666666667 0.05625 0.1078125
0 0.25104166666666666 0.14270833333333333 0.0625 0.10729166666666666
0 0.18333333333333332 0.2677083333333333 0.05625 0.11666666666666667
0 0.07135416666666666 0.6630208333333333 0.05572916666666667 0.11458333333333333
0 0.2552083333333333 0.3765625 0.06041666666666667 0.10520833333333333
0 0.3921875 0.8369791666666667 0.03958333333333333 0.109375
0 0.1140625 0.321875 0.06875 0.10677083333333333
0 0.35 0.04114583333333333 0.06458333333333334 0.08229166666666667