0 0.865625 0.6557291666666667 0.059895833333333336 0.10416666666666667
0 0.9453125 0.33229166666666665 0.07604166666666666 0.10885416666666667
0 0.6380208333333334 0.5484375 0.057291666666666664 0.10364583333333334
0 0.48072916666666665 0.6223958333333334 0.06145833333333333 0.10052083333333334
0 0.057291666666666664 0.5515625 0.05364583333333333 0.08489583333333334
0 0.6041666666666666 0.3416666666666667 0.07083333333333333 0.11666666666666667
0 0.20677083333333332 0.15520833333333334 0.09114583333333333 0.0921875
0 0.6567708333333333 0.44427083333333334 0.08020833333333334 0.1140625
0 0.5614583333333333 0.5109375 0.052083333333333336 0.13020833333333334
0 0.346875 0.4088541666666667 0.07708333333333334 0.12552083333333333
1 0.0515625 0.4114583333333333 0.09010416666666667 0.1453125