0 0.7953125 0.9177083333333333 0.04010416666666667 0.0578125
0 0.36354166666666665 0.8994791666666667 0.06041666666666667 0.08802083333333334
0 0.0984375 0.24791666666666667 0.0609375 0.10677083333333333
0 0.22864583333333333 0.5171875 0.0578125 0.07864583333333333
0 0.3151041666666667 0.3572916666666667 0.06354166666666666 0.14791666666666667
0 0.5505208333333333 0.5744791666666667 0.0578125 0.06770833333333333
0 0.5677083333333334 0.3453125 0.05416666666666667 0.06510416666666667
0 0.6625 0.8432291666666667 0.05416666666666667 0.0640625
0 0.203125 0.41458333333333336 0.11614583333333334 0.13333333333333333
1 0.2989583333333333 0.15572916666666667 0.0859375 0.07864583333333333
0 0.4203125 0.036458333333333336 0.05364583333333333 0.06875
0 0.7020833333333333 0.4713541666666667 0.053125 0.07239583333333334
0 0.41458333333333336 0.8171875 0.0609375 0.14322916666666666
0 0.18229166666666666 0.6317708333333333 0.049479166666666664 0.1390625
0 0.6786458333333333 0.04739583333333333 0.05260416666666667 0.071875