0 0.778125 0.5614583333333333 0.0953125 0.1015625
0 0.9166666666666666 0.6072916666666667 0.10208333333333333 0.13802083333333334
0 0.828125 0.31875 0.0671875 0.11927083333333334
0 0.6447916666666667 0.1046875 0.050520833333333334 0.10260416666666666
0 0.55625 0.4276041666666667 0.06614583333333333 0.10625
0 0.5036458333333333 0.5072916666666667 0.0859375 0.09635416666666667
0 0.39114583333333336 0.38697916666666665 0.1140625 0.0765625
0 0.4869791666666667 0.31614583333333335 0.07083333333333333 0.13854166666666667
0 0.2078125 0.3125 0.07604166666666666 0.06614583333333333
0 0.3932291666666667 0.7510416666666667 0.0640625 0.07760416666666667
0 0.9401041666666666 0.19375 0.08489583333333334 0.07708333333333334
0 0.8453125 0.0546875 0.0859375 0.103125
0 0.36666666666666664 0.16979166666666667 0.08541666666666667 0.1015625
0 0.14791666666666667 0.7135416666666666 0.07447916666666667 0.08489583333333334
0 0.365625 0.9640625 0.08802083333333334 0.071875
0 0.3234375 0.884375 0.07083333333333333 0.0953125
0 0.3177083333333333 0.6359375 0.0640625 0.09166666666666666
0 0.10625 0.615625 0.07395833333333333 0.09322916666666667
0 0.12760416666666666 0.37552083333333336 0.049479166666666664 0.1125
0 0.3765625 0.68125 0.0765625 0.07864583333333333
0 0.14635416666666667 0.4984375 0.084375 0.103125
0 0.05260416666666667 0.20260416666666667 0.0765625 0.11510416666666666
0 0.36354166666666665 0.07135416666666666 0.0859375 0.084375