0 0.7869791666666667 0.084375 0.07239583333333334 0.09947916666666666
0 0.6927083333333334 0.5072916666666667 0.06302083333333333 0.0859375
0 0.75625 0.46197916666666666 0.06197916666666667 0.08854166666666667
0 0.2171875 0.26197916666666665 0.06145833333333333 0.07864583333333333
0 0.2947916666666667 0.06041666666666667 0.0703125 0.09010416666666667
0 0.6432291666666666 0.18854166666666666 0.078125 0.08072916666666667
0 0.590625 0.0875 0.06770833333333333 0.08854166666666667
0 0.69375 0.8395833333333333 0.06875 0.0671875
0 0.28072916666666664 0.9489583333333333 0.0546875 0.06197916666666667
0 0.2609375 0.875 0.05625 0.06927083333333334
0 0.16875 0.7239583333333334 0.0546875 0.057291666666666664
0 0.3734375 0.6677083333333333 0.057291666666666664 0.07916666666666666
0 0.9364583333333333 0.1578125 0.0671875 0.09479166666666666
0 0.5744791666666667 0.26927083333333335 0.06354166666666666 0.0828125
0 0.5177083333333333 0.2604166666666667 0.06822916666666666 0.0859375
0 0.31145833333333334 0.25052083333333336 0.06770833333333333 0.0734375
0 0.259375 0.35572916666666665 0.0609375 0.065625
0 0.47239583333333335 0.890625 0.0625 0.053125
0 0.37083333333333335 0.8869791666666667 0.049479166666666664 0.0453125
0 0.403125 0.9427083333333334 0.04479166666666667 0.08802083333333334
0 0.5979166666666667 0.8463541666666666 0.03802083333333333 0.05364583333333333
0 0.8265625 0.7359375 0.043229166666666666 0.06041666666666667
0 0.9057291666666667 0.971875 0.0578125 0.05625
0 0.8828125 0.8546875 0.0453125 0.06354166666666666
0 0.053125 0.3703125 0.05520833333333333 0.05677083333333333
0 0.0375 0.3078125 0.07239583333333334 0.0703125
0 0.0875 0.734375 0.05677083333333333 0.0671875
0 0.19635416666666666 0.8765625 0.0453125 0.0765625
0 0.553125 0.51875 0.044270833333333336 0.07083333333333333
0 0.7973958333333333 0.35625 0.06197916666666667 0.08489583333333334
0 0.04739583333333333 0.55625 0.0484375 0.05677083333333333
0 0.1390625 0.6015625 0.04895833333333333 0.075
0 0.17395833333333333 0.6484375 0.04479166666666667 0.06822916666666666
0 0.9286458333333333 0.8921875 0.04635416666666667 0.06197916666666667
0 0.5286458333333334 0.44427083333333334 0.05625 0.07135416666666666
0 0.43385416666666665 0.5739583333333333 0.0578125 0.057291666666666664
0 0.8578125 0.44947916666666665 0.04375 0.0671875
0 0.8927083333333333 0.42916666666666664 0.0546875 0.08489583333333334
0 0.8057291666666667 0.29635416666666664 0.05520833333333333 0.07135416666666666
0 0.036458333333333336 0.7614583333333333 0.0546875 0.06666666666666667
0 0.5453125 0.15885416666666666 0.06666666666666667 0.0734375
0 0.5041666666666667 0.1171875 0.05364583333333333 0.0859375
0 0.290625 0.31666666666666665 0.05677083333333333 0.07239583333333334
0 0.6 0.490625 0.059895833333333336 0.09375
0 0.909375 0.7989583333333333 0.04114583333333333 0.052083333333333336
0 0.9791666666666666 0.7567708333333333 0.041666666666666664 0.08229166666666667
0 0.44427083333333334 0.9333333333333333 0.0359375 0.06979166666666667
0 0.45208333333333334 0.6307291666666667 0.06302083333333333 0.07395833333333333
0 0.41510416666666666 0.8208333333333333 0.050520833333333334 0.06875
0 0.41354166666666664 0.8807291666666667 0.0328125 0.04635416666666667