0 0.4796875 0.7104166666666667 0.09479166666666666 0.12760416666666666
0 0.75625 0.9302083333333333 0.07864583333333333 0.1125
0 0.28125 0.5854166666666667 0.07916666666666666 0.10416666666666667
0 0.6880208333333333 0.5046875 0.0796875 0.13072916666666667
0 0.38177083333333334 0.5338541666666666 0.1046875 0.13385416666666666
0 0.1796875 0.9244791666666666 0.0921875 0.09583333333333334
0 0.5802083333333333 0.5645833333333333 0.08541666666666667 0.1109375
0 0.8776041666666666 0.19322916666666667 0.09322916666666667 0.11770833333333333
0 0.6213541666666667 0.39739583333333334 0.0953125 0.11041666666666666
0 0.6546875 0.13020833333333334 0.096875 0.121875
0 0.7744791666666667 0.4114583333333333 0.07135416666666666 0.09322916666666667
0 0.109375 0.3484375 0.11145833333333334 0.14322916666666666
0 0.25364583333333335 0.1734375 0.10625 0.140625
0 0.15104166666666666 0.8567708333333334 0.10052083333333334 0.13177083333333334
0 0.9536458333333333 0.7401041666666667 0.090625 0.11302083333333333
0 0.5416666666666666 0.10260416666666666 0.0921875 0.1
0 0.9510416666666667 0.8359375 0.08125 0.10677083333333333