0 0.9354166666666667 0.16927083333333334 0.084375 0.10520833333333333
0 0.8166666666666667 0.15833333333333333 0.07135416666666666 0.10989583333333333
0 0.4708333333333333 0.4734375 0.06614583333333333 0.1078125
0 0.4921875 0.21145833333333333 0.058854166666666666 0.07083333333333333
0 0.5625 0.6083333333333333 0.05625 0.09322916666666667
0 0.6255208333333333 0.3125 0.10104166666666667 0.14322916666666666
0 0.7239583333333334 0.26979166666666665 0.09791666666666667 0.15208333333333332
0 0.7229166666666667 0.9052083333333333 0.10677083333333333 0.14895833333333333
0 0.9234375 0.6692708333333334 0.12291666666666666 0.18489583333333334
0 0.3984375 0.6786458333333333 0.090625 0.14114583333333333
0 0.06770833333333333 0.6697916666666667 0.10052083333333334 0.096875