0 0.4890625 0.32864583333333336 0.10208333333333333 0.12916666666666668
0 0.646875 0.45260416666666664 0.08177083333333333 0.10833333333333334
0 0.5140625 0.11458333333333333 0.08489583333333334 0.12604166666666666
0 0.4864583333333333 0.49895833333333334 0.09375 0.134375
0 0.3619791666666667 0.6322916666666667 0.0859375 0.11354166666666667
0 0.057291666666666664 0.6390625 0.06927083333333334 0.11875
0 0.2140625 0.7776041666666667 0.06302083333333333 0.09739583333333333
0 0.08177083333333333 0.8546875 0.08177083333333333 0.11354166666666667
0 0.1421875 0.7630208333333334 0.08333333333333333 0.11666666666666667
0 0.8338541666666667 0.34739583333333335 0.08125 0.12083333333333333
0 0.9260416666666667 0.1921875 0.10833333333333334 0.1515625