0 0.5578125 0.22552083333333334 0.07447916666666667 0.08489583333333334
0 0.5479166666666667 0.65625 0.06666666666666667 0.0875
0 0.8317708333333333 0.2859375 0.05625 0.07135416666666666
0 0.6489583333333333 0.325 0.05520833333333333 0.06927083333333334
0 0.953125 0.1890625 0.0515625 0.06510416666666667
0 0.12708333333333333 0.7901041666666667 0.0546875 0.06979166666666667
0 0.9166666666666666 0.6411458333333333 0.041666666666666664 0.06041666666666667
0 0.20989583333333334 0.9229166666666667 0.0625 0.07916666666666666
0 0.5140625 0.3723958333333333 0.04479166666666667 0.057291666666666664
0 0.44427083333333334 0.7296875 0.051041666666666666 0.06770833333333333
0 0.3953125 0.8 0.059895833333333336 0.071875
0 0.5078125 0.80625 0.050520833333333334 0.06979166666666667
0 0.5921875 0.7114583333333333 0.059895833333333336 0.06614583333333333
0 0.47291666666666665 0.7786458333333334 0.05364583333333333 0.053125
0 0.9125 0.9072916666666667 0.042708333333333334 0.071875
0 0.9463541666666667 0.8848958333333333 0.0515625 0.07552083333333333