0 0.6104166666666667 0.38697916666666665 0.084375 0.09010416666666667
0 0.6765625 0.7286458333333333 0.0671875 0.09427083333333333
0 0.74375 0.7869791666666667 0.065625 0.1078125
0 0.8958333333333334 0.7072916666666667 0.06822916666666666 0.1140625
0 0.8807291666666667 0.5197916666666667 0.07395833333333333 0.08020833333333334
0 0.37552083333333336 0.5479166666666667 0.05677083333333333 0.10520833333333333
0 0.5171875 0.6369791666666667 0.07447916666666667 0.11770833333333333
0 0.4578125 0.5932291666666667 0.09270833333333334 0.11354166666666667
0 0.6140625 0.215625 0.07135416666666666 0.10989583333333333
0 0.6677083333333333 0.1015625 0.078125 0.09947916666666666
0 0.8958333333333334 0.11770833333333333 0.0734375 0.090625
0 0.796875 0.8614583333333333 0.065625 0.10520833333333333
0 0.9166666666666666 0.925 0.06927083333333334 0.08333333333333333
0 0.26197916666666665 0.046875 0.07395833333333333 0.09375
0 0.5213541666666667 0.18802083333333333 0.08333333333333333 0.1
0 0.5463541666666667 0.2635416666666667 0.0765625 0.08541666666666667
0 0.7979166666666667 0.30625 0.0625 0.07760416666666667
0 0.9072916666666667 0.3927083333333333 0.0734375 0.08802083333333334
0 0.41041666666666665 0.11770833333333333 0.08333333333333333 0.10833333333333334
0 0.23802083333333332 0.18958333333333333 0.07291666666666667 0.09947916666666666
1 0.4192708333333333 0.2671875 0.12864583333333332 0.0859375
1 0.06770833333333333 0.8666666666666667 0.09947916666666666 0.14583333333333334
0 0.20989583333333334 0.41770833333333335 0.06979166666666667 0.0765625
0 0.6973958333333333 0.20677083333333332 0.075 0.10989583333333333
0 0.7760416666666666 0.5197916666666667 0.0625 0.0765625
1 0.8239583333333333 0.6510416666666666 0.07916666666666666 0.090625
1 0.6635416666666667 0.8557291666666667 0.0796875 0.134375
0 0.30885416666666665 0.490625 0.07239583333333334 0.09479166666666666
0 0.15104166666666666 0.08177083333333333 0.07291666666666667 0.08385416666666666
0 0.14479166666666668 0.1796875 0.08541666666666667 0.08958333333333333
0 0.8057291666666667 0.19739583333333333 0.07447916666666667 0.08854166666666667
0 0.21145833333333333 0.9364583333333333 0.07708333333333334 0.08802083333333334
1 0.20104166666666667 0.5739583333333333 0.1125 0.17916666666666667
0 0.030729166666666665 0.6411458333333333 0.06145833333333333 0.171875
0 0.37604166666666666 0.030729166666666665 0.08541666666666667 0.06145833333333333
0 0.5354166666666667 0.0453125 0.07395833333333333 0.09010416666666667
1 0.7364583333333333 0.40625 0.10364583333333334 0.09322916666666667
0 0.309375 0.3640625 0.0859375 0.08177083333333333